Iter,Best_Result
0,745.7414232609999
1,745.7414232609999
2,745.7414232609999
3,745.7414232609999
4,745.7414232609999
5,745.7414232609999
6,745.7414232609999
7,745.7414232609999
8,745.7414232609999
9,745.7414232609999
10,745.7414232609999
11,745.7414232609999
12,745.7414232609999
13,745.7414232609999
14,745.7414232609999
15,745.7414232609999
16,745.7414232609999
17,745.7414232609999
18,745.7414232609999
19,745.7414232609999
20,745.7414232609999
21,745.7414232609999
22,745.7414232609999
23,745.7414232609999
24,745.7414232609999
25,745.7414232609999
26,745.7414232609999
27,745.7414232609999
28,745.7414232609999
29,745.7414232609999
30,745.7414232609999
31,745.7414232609999
32,745.7414232609999
33,745.7414232609999
34,745.7414232609999
35,745.7414232609999
36,745.7414232609999
37,745.7414232609999
38,745.7414232609999
39,584.52927443
40,535.104274029
41,535.104274029
42,535.104274029
43,535.104274029
44,535.104274029
45,535.104274029
46,535.104274029
47,535.104274029
48,535.104274029
49,535.104274029
50,535.104274029
51,535.104274029
52,535.104274029
53,535.104274029
54,535.104274029
55,535.104274029
56,535.104274029
57,535.104274029
58,535.104274029
59,535.104274029
60,535.104274029
61,535.104274029
62,535.104274029
63,535.104274029
64,535.104274029
65,535.104274029
66,535.104274029
67,535.104274029
68,535.104274029
69,535.104274029
70,535.104274029
71,535.104274029
72,535.104274029
73,535.104274029
74,535.104274029
75,535.011061088
76,535.011061088
77,535.011061088
78,535.011061088
79,535.011061088
80,535.011061088
81,535.011061088
82,535.011061088
83,535.011061088
84,535.011061088
85,535.011061088
86,535.011061088
87,535.011061088
88,535.011061088
89,535.011061088
90,535.011061088
91,535.011061088
92,535.011061088
93,535.011061088
94,535.011061088
95,535.011061088
96,535.011061088
97,535.011061088
98,535.011061088
99,535.011061088
100,535.011061088
101,535.011061088
102,535.011061088
103,535.011061088
104,535.011061088
105,535.011061088
106,535.011061088
107,535.011061088
108,535.011061088
109,535.011061088
110,535.011061088
111,535.011061088
112,535.011061088
113,535.011061088
114,535.011061088
115,535.011061088
116,535.011061088
117,535.011061088
118,535.011061088
119,535.011061088
120,535.011061088
121,535.011061088
122,535.011061088
123,535.011061088
124,535.011061088
125,535.011061088
126,535.011061088
127,535.011061088
128,535.011061088
129,535.011061088
130,521.825670287
131,521.825670287
132,521.825670287
133,521.825670287
134,521.825670287
135,521.825670287
136,521.825670287
137,521.825670287
138,521.825670287
139,521.825670287
140,521.825670287
141,521.825670287
142,521.825670287
143,521.825670287
144,521.825670287
145,521.825670287
146,521.825670287
147,521.825670287
148,521.825670287
149,521.825670287
150,521.825670287
151,521.825670287
152,521.825670287
153,521.825670287
154,521.825670287
155,521.825670287
156,521.825670287
157,521.825670287
158,521.825670287
159,521.825670287
160,521.825670287
161,521.825670287
162,521.825670287
163,521.825670287
164,521.825670287
165,521.825670287
166,521.825670287
167,521.825670287
168,521.825670287
169,521.825670287
170,521.825670287
171,521.825670287
172,521.825670287
173,521.825670287
174,521.825670287
175,521.825670287
176,521.825670287
177,521.825670287
178,521.825670287
179,521.825670287
180,521.825670287
181,521.825670287
182,521.825670287
183,521.825670287
184,521.825670287
185,521.825670287
186,521.825670287
187,521.825670287
188,521.825670287
189,521.825670287
190,521.825670287
191,521.825670287
192,521.825670287
193,521.825670287
194,521.825670287
195,521.825670287
196,521.825670287
197,521.825670287
198,521.825670287
199,521.825670287
200,521.825670287
201,521.825670287
202,521.825670287
203,521.825670287
204,521.825670287
205,521.825670287
206,521.825670287
207,521.825670287
208,521.825670287
209,521.825670287
210,521.825670287
211,521.825670287
212,521.825670287
213,521.825670287
214,521.825670287
215,521.825670287
216,521.825670287
217,521.825670287
218,521.825670287
219,521.825670287
220,521.825670287
221,521.825670287
222,521.825670287
223,521.825670287
224,521.825670287
225,521.825670287
226,521.825670287
227,521.825670287
228,521.825670287
229,521.825670287
230,521.825670287
231,521.825670287
232,521.825670287
233,521.825670287
234,521.825670287
235,521.825670287
236,521.825670287
237,521.825670287
238,521.825670287
239,521.825670287
240,521.825670287
241,521.825670287
242,521.825670287
243,521.825670287
244,521.825670287
245,521.825670287
246,521.825670287
247,521.825670287
248,521.825670287
249,521.825670287
250,521.825670287
251,521.825670287
252,521.825670287
253,521.825670287
254,521.825670287
255,521.825670287
256,521.825670287
257,521.825670287
258,521.825670287
259,521.825670287
260,521.825670287
261,521.825670287
262,521.825670287
263,521.825670287
264,521.825670287
265,521.825670287
266,521.825670287
267,521.825670287
268,521.825670287
269,521.825670287
270,521.825670287
271,521.825670287
272,521.825670287
273,521.825670287
274,521.825670287
275,521.825670287
276,521.825670287
277,521.825670287
278,521.825670287
279,521.825670287
280,521.825670287
281,521.825670287
282,521.825670287
283,521.825670287
284,521.825670287
285,521.825670287
286,521.825670287
287,521.825670287
288,521.825670287
289,521.825670287
290,521.825670287
291,521.825670287
292,521.825670287
293,521.825670287
294,521.825670287
295,521.825670287
296,521.825670287
297,521.825670287
298,521.825670287
299,521.825670287
300,521.825670287
301,521.825670287
302,521.825670287
303,521.825670287
304,521.825670287
305,521.825670287
306,521.825670287
307,521.825670287
308,521.825670287
309,521.825670287
310,521.825670287
311,521.825670287
312,521.825670287
313,521.825670287
314,521.825670287
315,521.825670287
316,521.825670287
317,521.825670287
318,521.825670287
319,521.825670287
320,521.825670287
321,521.825670287
322,521.825670287
323,521.825670287
324,521.825670287
325,521.825670287
326,521.825670287
327,521.825670287
328,521.825670287
329,521.825670287
330,521.825670287
331,521.825670287
332,521.825670287
333,521.825670287
334,521.825670287
335,521.825670287
336,521.825670287
337,521.825670287
338,521.825670287
339,521.825670287
340,521.825670287
341,521.825670287
342,521.825670287
343,521.825670287
344,521.825670287
345,521.825670287
346,521.825670287
347,521.825670287
348,521.825670287
349,521.825670287
350,521.825670287
351,521.825670287
352,521.825670287
353,521.825670287
354,521.825670287
355,521.825670287
356,521.825670287
357,521.825670287
358,521.825670287
359,521.825670287
360,521.825670287
361,521.825670287
362,521.825670287
363,521.825670287
364,521.825670287
365,521.825670287
366,521.825670287
367,521.825670287
368,521.825670287
369,521.825670287
370,521.825670287
371,521.825670287
372,521.825670287
373,521.825670287
374,521.825670287
375,521.825670287
376,521.825670287
377,521.825670287
378,521.825670287
379,521.825670287
380,521.825670287
381,521.825670287
382,521.825670287
383,521.825670287
384,521.825670287
385,521.825670287
386,521.825670287
387,521.825670287
388,521.825670287
389,521.825670287
390,521.825670287
391,521.825670287
392,521.825670287
393,521.825670287
394,521.825670287
395,521.825670287
396,521.825670287
397,521.825670287
398,521.825670287
399,521.825670287
400,521.825670287
401,521.825670287
402,521.825670287
403,521.825670287
404,521.825670287
405,521.825670287
406,521.825670287
407,521.825670287
408,521.825670287
409,521.825670287
410,521.825670287
411,521.825670287
412,521.825670287
413,521.825670287
414,521.825670287
415,521.825670287
416,521.825670287
417,521.825670287
418,521.825670287
419,521.825670287
420,521.825670287
421,521.825670287
422,521.825670287
423,521.825670287
424,521.825670287
425,521.825670287
426,521.825670287
427,521.825670287
428,521.825670287
429,521.825670287
430,521.825670287
431,521.825670287
432,521.825670287
433,521.825670287
434,521.825670287
435,521.825670287
436,521.825670287
437,521.825670287
438,521.825670287
439,521.825670287
440,521.825670287
441,521.825670287
442,521.825670287
443,521.825670287
444,521.825670287
445,521.825670287
446,521.825670287
447,521.825670287
448,521.825670287
449,521.825670287
450,521.825670287
451,521.825670287
452,521.825670287
453,521.825670287
454,521.825670287
455,521.825670287
456,521.825670287
457,521.825670287
458,521.825670287
459,521.825670287
460,521.825670287
461,521.825670287
462,521.825670287
463,521.825670287
464,521.825670287
465,521.825670287
466,521.825670287
467,521.825670287
468,521.825670287
469,521.825670287
470,521.825670287
471,521.825670287
472,521.825670287
473,521.825670287
474,521.825670287
475,521.825670287
476,521.825670287
477,521.825670287
478,521.825670287
479,521.825670287
480,521.825670287
481,521.825670287
482,521.825670287
483,521.825670287
484,521.825670287
485,521.825670287
486,521.825670287
487,521.825670287
488,521.825670287
489,521.825670287
490,521.825670287
491,521.825670287
492,521.825670287
493,521.825670287
494,521.825670287
495,521.825670287
496,521.825670287
497,521.825670287
498,521.825670287
499,521.825670287
500,521.825670287
501,521.825670287
502,521.825670287
503,521.825670287
504,521.825670287
505,521.825670287
506,521.825670287
507,521.825670287
508,521.825670287
509,521.825670287
510,521.825670287
511,521.825670287
512,521.825670287
513,521.825670287
514,521.825670287
515,521.825670287
516,521.825670287
517,521.825670287
518,521.825670287
519,521.825670287
520,521.825670287
521,521.825670287
522,521.825670287
523,521.825670287
524,521.825670287
525,521.825670287
526,521.825670287
527,521.825670287
528,521.825670287
529,521.825670287
530,521.825670287
531,521.825670287
532,521.825670287
533,521.825670287
534,521.825670287
535,521.825670287
536,521.825670287
537,521.825670287
538,521.825670287
539,521.825670287
540,521.825670287
541,521.825670287
542,521.825670287
543,521.825670287
544,521.825670287
545,521.825670287
546,521.825670287
547,521.825670287
548,521.825670287
549,521.825670287
550,521.825670287
551,521.825670287
552,521.825670287
553,521.825670287
554,521.825670287
555,521.825670287
556,521.825670287
557,521.825670287
558,521.825670287
559,521.825670287
560,521.825670287
561,521.825670287
562,521.825670287
563,521.825670287
564,521.825670287
565,521.825670287
566,521.825670287
567,521.825670287
568,521.825670287
569,521.825670287
570,521.825670287
571,521.825670287
572,521.825670287
573,521.825670287
574,521.825670287
575,521.825670287
576,521.825670287
577,521.825670287
578,521.825670287
579,521.825670287
580,521.825670287
581,521.825670287
582,521.825670287
583,521.825670287
584,521.825670287
585,521.825670287
586,521.825670287
587,521.825670287
588,521.825670287
589,521.825670287
590,521.825670287
591,521.825670287
592,521.825670287
593,521.825670287
594,521.825670287
595,521.825670287
596,521.825670287
597,521.825670287
598,521.825670287
599,521.825670287
600,521.825670287
601,521.825670287
602,521.825670287
603,521.825670287
604,521.825670287
605,521.825670287
606,521.825670287
607,521.825670287
608,521.825670287
609,521.825670287
610,521.825670287
611,521.825670287
612,521.825670287
613,521.825670287
614,521.825670287
615,521.825670287
616,521.825670287
617,521.825670287
618,521.825670287
619,521.825670287
620,521.825670287
621,521.825670287
622,521.825670287
623,521.825670287
624,521.825670287
625,521.825670287
626,521.825670287
627,521.825670287
628,521.825670287
629,521.825670287
630,521.825670287
631,521.825670287
632,521.825670287
633,521.825670287
634,521.825670287
635,521.825670287
636,521.825670287
637,521.825670287
638,521.825670287
639,521.825670287
640,521.825670287
641,521.825670287
642,521.825670287
643,521.825670287
644,521.825670287
645,521.825670287
646,521.825670287
647,521.825670287
648,521.825670287
649,521.825670287
650,521.825670287
651,521.825670287
652,521.825670287
653,521.825670287
654,521.825670287
655,521.825670287
656,521.825670287
657,521.825670287
658,521.825670287
659,521.825670287
660,521.825670287
661,521.825670287
662,521.825670287
663,521.825670287
664,521.825670287
665,521.825670287
666,521.825670287
667,521.825670287
668,521.825670287
669,521.825670287
670,521.825670287
671,521.825670287
672,521.825670287
673,521.825670287
674,521.825670287
675,521.825670287
676,521.825670287
677,521.825670287
678,521.825670287
679,521.825670287
680,521.825670287
681,521.825670287
682,521.825670287
683,521.825670287
684,521.825670287
685,521.825670287
686,521.825670287
687,521.825670287
688,521.825670287
689,521.825670287
690,521.825670287
691,521.825670287
692,521.825670287
693,521.825670287
694,521.825670287
695,521.825670287
696,521.825670287
697,521.825670287
698,521.825670287
699,521.825670287
700,521.825670287
701,521.825670287
702,521.825670287
703,521.825670287
704,521.825670287
705,521.825670287
706,521.825670287
707,521.825670287
708,521.825670287
709,521.825670287
710,521.825670287
711,521.825670287
712,521.825670287
713,521.825670287
714,521.825670287
715,521.825670287
716,521.825670287
717,521.825670287
718,521.825670287
719,521.825670287
720,521.825670287
721,521.825670287
722,521.825670287
723,521.825670287
724,521.825670287
725,521.825670287
726,521.825670287
727,521.825670287
728,521.825670287
729,521.825670287
730,521.825670287
731,521.825670287
732,521.825670287
733,521.825670287
734,521.825670287
735,521.825670287
736,521.825670287
737,521.825670287
738,521.825670287
739,521.825670287
740,521.825670287
741,521.825670287
742,521.825670287
743,521.825670287
744,521.825670287
745,521.825670287
746,521.825670287
747,521.825670287
748,521.825670287
749,521.825670287
750,521.825670287
751,521.825670287
752,521.825670287
753,521.825670287
754,521.825670287
755,521.825670287
756,521.825670287
757,521.825670287
758,521.825670287
759,521.825670287
760,521.825670287
761,521.825670287
762,521.825670287
763,521.825670287
764,521.825670287
765,521.825670287
766,521.825670287
767,521.825670287
768,521.825670287
769,521.825670287
770,521.825670287
771,521.825670287
772,521.825670287
773,521.825670287
774,521.825670287
775,521.825670287
776,521.825670287
777,521.825670287
778,521.825670287
779,521.825670287
780,521.825670287
781,521.825670287
782,521.825670287
783,521.825670287
784,521.825670287
785,521.825670287
786,521.825670287
787,521.825670287
788,521.825670287
789,521.825670287
790,521.825670287
791,521.825670287
792,521.825670287
793,521.825670287
794,521.825670287
795,521.825670287
796,521.825670287
797,521.825670287
798,521.825670287
799,521.825670287
800,521.825670287
801,521.825670287
802,521.825670287
803,521.825670287
804,521.825670287
805,521.825670287
806,521.825670287
807,521.825670287
808,521.825670287
809,521.825670287
810,521.825670287
811,521.825670287
812,521.825670287
813,521.825670287
814,521.825670287
815,521.825670287
816,521.825670287
817,521.825670287
818,521.825670287
819,521.825670287
820,521.825670287
821,521.825670287
822,521.825670287
823,521.825670287
824,521.825670287
825,521.825670287
826,521.825670287
827,521.825670287
828,521.825670287
829,521.825670287
830,521.825670287
831,521.825670287
832,521.825670287
833,521.825670287
834,521.825670287
835,521.825670287
836,521.825670287
837,521.825670287
838,521.825670287
839,521.825670287
840,521.825670287
841,521.825670287
842,521.825670287
843,521.825670287
844,521.825670287
845,521.825670287
846,521.825670287
847,521.825670287
848,521.825670287
849,521.825670287
850,521.825670287
851,521.825670287
852,521.825670287
853,521.825670287
854,521.825670287
855,521.825670287
856,521.825670287
857,521.825670287
858,521.825670287
859,521.825670287
860,521.825670287
861,521.825670287
862,521.825670287
863,521.825670287
864,521.825670287
865,521.825670287
866,521.825670287
867,521.825670287
868,521.825670287
869,521.825670287
870,521.825670287
871,521.825670287
872,521.825670287
873,521.825670287
874,521.825670287
875,521.825670287
876,521.825670287
877,521.825670287
878,521.825670287
879,521.825670287
880,521.825670287
881,521.825670287
882,521.825670287
883,521.825670287
884,521.825670287
885,521.825670287
886,521.825670287
887,521.825670287
888,521.825670287
889,521.825670287
890,521.825670287
891,521.825670287
892,521.825670287
893,521.825670287
894,521.825670287
895,521.825670287
896,521.825670287
897,521.825670287
898,521.825670287
899,521.825670287
900,521.825670287
901,521.825670287
902,521.825670287
903,521.825670287
904,521.825670287
905,521.825670287
906,521.825670287
907,521.825670287
908,521.825670287
909,521.825670287
910,521.825670287
911,521.825670287
912,521.825670287
913,521.825670287
914,521.825670287
915,521.825670287
916,521.825670287
917,521.825670287
918,521.825670287
919,521.825670287
920,521.825670287
921,521.825670287
922,521.825670287
923,521.825670287
924,521.825670287
925,521.825670287
926,521.825670287
927,521.825670287
928,521.825670287
929,521.825670287
930,521.825670287
931,521.825670287
932,521.825670287
933,521.825670287
934,521.825670287
935,521.825670287
936,521.825670287
937,521.825670287
938,521.825670287
939,521.825670287
940,521.825670287
941,521.825670287
942,521.825670287
943,521.825670287
944,521.825670287
945,521.825670287
946,521.825670287
947,521.825670287
948,521.825670287
949,521.825670287
950,521.825670287
951,521.825670287
952,521.825670287
953,521.825670287
954,521.825670287
955,521.825670287
956,521.825670287
957,521.825670287
958,521.825670287
959,521.825670287
960,521.825670287
961,521.825670287
962,521.825670287
963,521.825670287
964,521.825670287
965,521.825670287
966,521.825670287
967,521.825670287
968,521.825670287
969,521.825670287
970,521.825670287
971,521.825670287
972,521.825670287
973,521.825670287
974,521.825670287
975,521.825670287
976,521.825670287
977,521.825670287
978,521.825670287
979,521.825670287
980,521.825670287
981,521.825670287
982,521.825670287
983,521.825670287
984,521.825670287
985,521.825670287
986,521.825670287
987,521.825670287
988,521.825670287
989,521.825670287
990,521.825670287
991,521.825670287
992,521.825670287
993,521.825670287
994,521.825670287
995,521.825670287
996,521.825670287
997,521.825670287
998,521.825670287
999,521.825670287
