Iter,Best_Result
0,319.7906581069999
1,319.7906581069999
2,319.7906581069999
3,319.7906581069999
4,319.7906581069999
5,319.7906581069999
6,319.7906581069999
7,319.7906581069999
8,291.70909940399997
9,291.70909940399997
10,291.70909940399997
11,291.70909940399997
12,291.70909940399997
13,290.07467072699995
14,290.07467072699995
15,290.07467072699995
16,289.81690306
17,237.41167324199998
18,205.46347264400003
19,205.46347264400003
20,205.46347264400003
21,205.46347264400003
22,205.46347264400003
23,205.46347264400003
24,205.46347264400003
25,205.46347264400003
26,205.46347264400003
27,205.46347264400003
28,205.46347264400003
29,205.46347264400003
30,205.46347264400003
31,205.46347264400003
32,205.46347264400003
33,205.46347264400003
34,205.46347264400003
35,205.46347264400003
36,205.46347264400003
37,205.46347264400003
38,205.46347264400003
39,205.46347264400003
40,205.46347264400003
41,205.46347264400003
42,205.46347264400003
43,197.31392731199998
44,197.31392731199998
45,197.31392731199998
46,197.31392731199998
47,197.31392731199998
48,196.79398381100003
49,196.79398381100003
50,196.79398381100003
51,196.79398381100003
52,196.222830671
53,196.222830671
54,195.71356020500002
55,195.71356020500002
56,195.142407065
57,195.142407065
58,195.142407065
59,195.142407065
60,195.142407065
61,195.142407065
62,195.142407065
63,195.142407065
64,195.142407065
65,195.142407065
66,195.142407065
67,195.142407065
68,195.142407065
69,195.142407065
70,195.142407065
71,195.142407065
72,195.142407065
73,195.142407065
74,195.142407065
75,195.142407065
76,195.142407065
77,195.142407065
78,195.142407065
79,195.142407065
80,195.142407065
81,195.142407065
82,195.142407065
83,195.142407065
84,193.54075293
85,193.54075293
86,193.54075293
87,193.54075293
88,193.54075293
89,193.54075293
90,169.25658532199998
91,169.25658532199998
92,169.25658532199998
93,169.25658532199998
94,164.05387477199997
95,162.40408891199996
96,162.04124024699996
97,162.04124024699996
98,162.04124024699996
99,162.04124024699996
100,143.476273934
101,143.476273934
102,143.476273934
103,143.476273934
104,143.476273934
105,143.476273934
106,143.476273934
107,143.476273934
108,143.476273934
109,143.476273934
110,143.476273934
111,143.476273934
112,143.476273934
113,143.476273934
114,143.476273934
115,143.476273934
116,143.476273934
117,143.476273934
118,143.476273934
119,143.476273934
120,143.476273934
121,143.476273934
122,143.476273934
123,143.476273934
124,143.476273934
125,143.476273934
126,143.476273934
127,143.476273934
128,143.476273934
129,143.476273934
130,143.476273934
131,143.476273934
132,143.476273934
133,143.476273934
134,143.476273934
135,143.476273934
136,143.476273934
137,143.476273934
138,143.476273934
139,143.476273934
140,143.476273934
141,143.476273934
142,143.476273934
143,143.476273934
144,143.476273934
145,143.476273934
146,143.476273934
147,143.476273934
148,143.476273934
149,143.476273934
150,143.476273934
151,143.476273934
152,143.476273934
153,143.476273934
154,143.476273934
155,143.476273934
156,143.476273934
157,143.476273934
158,143.476273934
159,143.476273934
160,143.476273934
161,143.476273934
162,143.476273934
163,143.476273934
164,143.476273934
165,143.476273934
166,143.476273934
167,143.476273934
168,143.476273934
169,143.476273934
170,143.476273934
171,143.476273934
172,143.476273934
173,143.476273934
174,143.476273934
175,143.476273934
176,143.476273934
177,143.476273934
178,143.476273934
179,143.476273934
180,143.476273934
181,143.476273934
182,143.476273934
183,143.476273934
184,143.476273934
185,143.476273934
186,143.476273934
187,143.476273934
188,143.476273934
189,143.476273934
190,143.476273934
191,143.476273934
192,143.476273934
193,143.476273934
194,143.476273934
195,143.476273934
196,143.476273934
197,143.476273934
198,143.476273934
199,143.476273934
200,143.476273934
201,143.476273934
202,143.476273934
203,143.476273934
204,143.476273934
205,143.476273934
206,143.476273934
207,143.476273934
208,143.476273934
209,143.476273934
210,143.476273934
211,143.476273934
212,143.476273934
213,143.476273934
214,143.476273934
215,143.476273934
216,143.476273934
217,143.476273934
218,143.476273934
219,143.476273934
220,143.476273934
221,143.476273934
222,143.476273934
223,143.476273934
224,143.476273934
225,143.476273934
226,143.476273934
227,143.476273934
228,143.476273934
229,143.476273934
230,143.476273934
231,143.476273934
232,143.476273934
233,143.476273934
234,143.476273934
235,143.476273934
236,143.476273934
237,143.476273934
238,143.476273934
239,143.476273934
240,143.476273934
241,143.476273934
242,143.476273934
243,143.476273934
244,143.476273934
245,143.476273934
246,143.476273934
247,143.476273934
248,143.476273934
249,143.476273934
250,143.476273934
251,143.476273934
252,143.476273934
253,143.476273934
254,143.476273934
255,143.476273934
256,143.476273934
257,143.476273934
258,143.476273934
259,143.476273934
260,143.476273934
261,143.476273934
262,143.476273934
263,143.476273934
264,143.476273934
265,143.476273934
266,143.476273934
267,143.476273934
268,143.476273934
269,143.476273934
270,143.476273934
271,143.476273934
272,143.476273934
273,143.476273934
274,143.476273934
275,143.476273934
276,143.476273934
277,143.476273934
278,143.476273934
279,143.476273934
280,143.476273934
281,143.476273934
282,143.476273934
283,143.476273934
284,143.476273934
285,143.476273934
286,143.476273934
287,143.476273934
288,143.476273934
289,143.476273934
290,143.476273934
291,143.476273934
292,143.476273934
293,143.476273934
294,143.476273934
295,143.476273934
296,143.476273934
297,143.476273934
298,143.476273934
299,143.476273934
300,143.476273934
301,143.476273934
302,143.476273934
303,143.476273934
304,143.476273934
305,143.476273934
306,143.476273934
307,143.476273934
308,143.476273934
309,143.476273934
310,143.476273934
311,143.476273934
312,143.476273934
313,143.476273934
314,143.476273934
315,143.476273934
316,143.476273934
317,143.476273934
318,143.476273934
319,143.476273934
320,143.476273934
321,143.476273934
322,143.476273934
323,143.476273934
324,143.476273934
325,143.476273934
326,143.476273934
327,143.476273934
328,143.476273934
329,143.476273934
330,143.476273934
331,143.476273934
332,143.476273934
333,143.476273934
334,143.476273934
335,143.476273934
336,143.476273934
337,143.476273934
338,143.476273934
339,143.476273934
340,143.476273934
341,143.476273934
342,143.476273934
343,143.476273934
344,143.476273934
345,143.476273934
346,143.476273934
347,143.476273934
348,143.476273934
349,143.476273934
350,143.476273934
351,143.476273934
352,143.476273934
353,143.476273934
354,143.476273934
355,143.476273934
356,143.476273934
357,143.476273934
358,143.476273934
359,143.476273934
360,143.476273934
361,143.476273934
362,143.476273934
363,143.476273934
364,143.476273934
365,143.476273934
366,143.476273934
367,143.476273934
368,143.476273934
369,143.476273934
370,143.476273934
371,143.476273934
372,143.476273934
373,143.476273934
374,143.476273934
375,143.476273934
376,143.476273934
377,143.476273934
378,143.476273934
379,143.476273934
380,143.476273934
381,143.476273934
382,143.476273934
383,143.476273934
384,143.476273934
385,143.476273934
386,143.476273934
387,143.476273934
388,143.476273934
389,143.476273934
390,143.476273934
391,143.476273934
392,143.476273934
393,143.476273934
394,143.476273934
395,143.476273934
396,143.476273934
397,143.476273934
398,143.476273934
399,143.476273934
400,143.476273934
401,143.476273934
402,143.476273934
403,143.476273934
404,143.476273934
405,143.476273934
406,143.476273934
407,143.476273934
408,143.476273934
409,143.476273934
410,143.476273934
411,143.476273934
412,143.476273934
413,143.476273934
414,143.476273934
415,143.476273934
416,143.476273934
417,143.476273934
418,143.476273934
419,143.476273934
420,143.476273934
421,143.476273934
422,143.476273934
423,143.476273934
424,143.476273934
425,143.476273934
426,143.476273934
427,143.476273934
428,143.476273934
429,143.476273934
430,143.476273934
431,143.476273934
432,143.476273934
433,143.476273934
434,143.476273934
435,143.476273934
436,143.476273934
437,143.476273934
438,143.476273934
439,143.476273934
440,143.476273934
441,143.476273934
442,143.476273934
443,143.476273934
444,143.476273934
445,143.476273934
446,143.476273934
447,143.476273934
448,143.476273934
449,143.476273934
450,143.476273934
451,143.476273934
452,143.476273934
453,143.476273934
454,143.476273934
455,143.476273934
456,143.476273934
457,143.476273934
458,143.476273934
459,143.476273934
460,143.476273934
461,143.476273934
462,143.476273934
463,143.476273934
464,143.476273934
465,143.476273934
466,143.476273934
467,143.476273934
468,143.476273934
469,143.476273934
470,143.476273934
471,143.476273934
472,143.476273934
473,143.476273934
474,143.476273934
475,143.476273934
476,143.476273934
477,143.476273934
478,143.476273934
479,143.476273934
480,143.476273934
481,143.476273934
482,143.476273934
483,143.476273934
484,143.476273934
485,143.476273934
486,143.476273934
487,143.476273934
488,143.476273934
489,143.476273934
490,143.476273934
491,143.476273934
492,143.476273934
493,143.476273934
494,143.476273934
495,143.476273934
496,143.476273934
497,143.476273934
498,143.476273934
499,143.476273934
500,143.476273934
501,143.476273934
502,143.476273934
503,143.476273934
504,143.476273934
505,143.476273934
506,143.476273934
507,143.476273934
508,143.476273934
509,143.476273934
510,143.476273934
511,143.476273934
512,143.476273934
513,143.476273934
514,143.476273934
515,143.476273934
516,143.476273934
517,143.476273934
518,143.476273934
519,143.476273934
520,143.476273934
521,143.476273934
522,143.476273934
523,143.476273934
524,143.476273934
525,143.476273934
526,143.476273934
527,143.476273934
528,143.476273934
529,143.476273934
530,143.476273934
531,143.476273934
532,143.476273934
533,143.476273934
534,143.476273934
535,143.476273934
536,143.476273934
537,143.476273934
538,143.476273934
539,143.476273934
540,143.476273934
541,143.476273934
542,143.476273934
543,143.476273934
544,143.476273934
545,143.476273934
546,143.476273934
547,143.476273934
548,143.476273934
549,143.476273934
550,143.476273934
551,143.476273934
552,143.476273934
553,143.476273934
554,143.476273934
555,143.476273934
556,143.476273934
557,143.476273934
558,143.476273934
559,143.476273934
560,143.476273934
561,143.476273934
562,143.476273934
563,143.476273934
564,143.476273934
565,143.476273934
566,143.476273934
567,143.476273934
568,143.476273934
569,143.476273934
570,143.476273934
571,143.476273934
572,143.476273934
573,143.476273934
574,143.476273934
575,143.476273934
576,143.476273934
577,143.476273934
578,143.476273934
579,143.476273934
580,143.476273934
581,143.476273934
582,143.476273934
583,143.476273934
584,143.476273934
585,143.476273934
586,143.476273934
587,143.476273934
588,143.476273934
589,143.476273934
590,143.476273934
591,143.476273934
592,143.476273934
593,143.476273934
594,143.476273934
595,143.476273934
596,143.476273934
597,143.476273934
598,143.476273934
599,143.476273934
600,143.476273934
601,143.476273934
602,143.476273934
603,143.476273934
604,143.476273934
605,143.476273934
606,143.476273934
607,143.476273934
608,143.476273934
609,143.476273934
610,143.476273934
611,143.476273934
612,143.476273934
613,143.476273934
614,143.476273934
615,143.476273934
616,143.476273934
617,143.476273934
618,143.476273934
619,143.476273934
620,143.476273934
621,143.476273934
622,143.476273934
623,143.476273934
624,143.476273934
625,143.476273934
626,143.476273934
627,143.476273934
628,143.476273934
629,143.476273934
630,143.476273934
631,143.476273934
632,143.476273934
633,143.476273934
634,143.476273934
635,143.476273934
636,143.476273934
637,143.476273934
638,143.476273934
639,143.476273934
640,143.476273934
641,143.476273934
642,143.476273934
643,143.476273934
644,143.476273934
645,143.476273934
646,143.476273934
647,143.476273934
648,143.476273934
649,143.476273934
650,143.476273934
651,143.476273934
652,143.476273934
653,143.476273934
654,143.476273934
655,143.476273934
656,143.476273934
657,143.476273934
658,143.476273934
659,143.476273934
660,143.476273934
661,143.476273934
662,143.476273934
663,143.476273934
664,143.476273934
665,143.476273934
666,143.476273934
667,143.476273934
668,143.476273934
669,143.476273934
670,143.476273934
671,143.476273934
672,143.476273934
673,143.476273934
674,143.476273934
675,143.476273934
676,143.476273934
677,143.476273934
678,143.476273934
679,143.476273934
680,143.476273934
681,143.476273934
682,143.476273934
683,143.476273934
684,143.476273934
685,143.476273934
686,143.476273934
687,143.476273934
688,143.476273934
689,143.476273934
690,143.476273934
691,143.476273934
692,143.476273934
693,143.476273934
694,143.476273934
695,143.476273934
696,143.476273934
697,143.476273934
698,143.476273934
699,143.476273934
700,143.476273934
701,143.476273934
702,143.476273934
703,143.476273934
704,143.476273934
705,143.476273934
706,143.476273934
707,143.476273934
708,143.476273934
709,143.476273934
710,143.476273934
711,143.476273934
712,143.476273934
713,143.476273934
714,143.476273934
715,143.476273934
716,143.476273934
717,143.476273934
718,143.476273934
719,143.476273934
720,143.476273934
721,143.476273934
722,143.476273934
723,143.476273934
724,143.476273934
725,143.476273934
726,143.476273934
727,143.476273934
728,143.476273934
729,143.476273934
730,143.476273934
731,143.476273934
732,143.476273934
733,143.476273934
734,143.476273934
735,143.476273934
736,143.476273934
737,143.476273934
738,143.476273934
739,143.476273934
740,143.476273934
741,143.476273934
742,143.476273934
743,143.476273934
744,143.476273934
745,143.476273934
746,143.476273934
747,143.476273934
748,143.476273934
749,143.476273934
750,143.476273934
751,143.476273934
752,143.476273934
753,143.476273934
754,143.476273934
755,143.476273934
756,143.476273934
757,143.476273934
758,143.476273934
759,143.476273934
760,143.476273934
761,143.476273934
762,143.476273934
763,143.476273934
764,143.476273934
765,143.476273934
766,143.476273934
767,143.476273934
768,143.476273934
769,143.476273934
770,143.476273934
771,143.476273934
772,143.476273934
773,143.476273934
774,143.476273934
775,143.476273934
776,143.476273934
777,143.476273934
778,143.476273934
779,143.476273934
780,143.476273934
781,143.476273934
782,143.476273934
783,143.476273934
784,143.476273934
785,143.476273934
786,143.476273934
787,143.476273934
788,143.476273934
789,143.476273934
790,143.476273934
791,143.476273934
792,143.476273934
793,143.476273934
794,143.476273934
795,143.476273934
796,143.476273934
797,143.476273934
798,143.476273934
799,143.476273934
800,143.476273934
801,143.476273934
802,143.476273934
803,143.476273934
804,143.476273934
805,143.476273934
806,143.476273934
807,143.476273934
808,143.476273934
809,143.476273934
810,143.476273934
811,143.476273934
812,143.476273934
813,143.476273934
814,143.476273934
815,143.476273934
816,143.476273934
817,143.476273934
818,143.476273934
819,143.476273934
820,143.476273934
821,143.476273934
822,143.476273934
823,143.476273934
824,143.476273934
825,143.476273934
826,143.476273934
827,143.476273934
828,143.476273934
829,143.476273934
830,143.476273934
831,143.476273934
832,143.476273934
833,143.476273934
834,143.476273934
835,143.476273934
836,143.476273934
837,143.476273934
838,143.476273934
839,143.476273934
840,143.476273934
841,143.476273934
842,143.476273934
843,143.476273934
844,143.476273934
845,143.476273934
846,143.476273934
847,143.476273934
848,143.476273934
849,143.476273934
850,143.476273934
851,143.476273934
852,143.476273934
853,143.476273934
854,143.476273934
855,143.476273934
856,143.476273934
857,143.476273934
858,143.476273934
859,143.476273934
860,143.476273934
861,143.476273934
862,143.476273934
863,143.476273934
864,143.476273934
865,143.476273934
866,143.476273934
867,143.476273934
868,143.476273934
869,143.476273934
870,143.476273934
871,143.476273934
872,143.476273934
873,143.476273934
874,143.476273934
875,143.476273934
876,143.476273934
877,143.476273934
878,143.476273934
879,143.476273934
880,143.476273934
881,143.476273934
882,143.476273934
883,143.476273934
884,143.476273934
885,143.476273934
886,143.476273934
887,143.476273934
888,143.476273934
889,143.476273934
890,143.476273934
891,143.476273934
892,143.476273934
893,143.476273934
894,143.476273934
895,143.476273934
896,143.476273934
897,143.476273934
898,143.476273934
899,143.476273934
900,143.476273934
901,143.476273934
902,143.476273934
903,143.476273934
904,143.476273934
905,143.476273934
906,143.476273934
907,143.476273934
908,143.476273934
909,143.476273934
910,143.476273934
911,143.476273934
912,143.476273934
913,143.476273934
914,143.476273934
915,143.476273934
916,143.476273934
917,143.476273934
918,143.476273934
919,143.476273934
920,143.476273934
921,143.476273934
922,143.476273934
923,143.476273934
924,143.476273934
925,143.476273934
926,143.476273934
927,143.476273934
928,143.476273934
929,143.476273934
930,143.476273934
931,143.476273934
932,143.476273934
933,143.476273934
934,143.476273934
935,143.476273934
936,143.476273934
937,143.476273934
938,143.476273934
939,143.476273934
940,143.476273934
941,143.476273934
942,143.476273934
943,143.476273934
944,143.476273934
945,143.476273934
946,143.476273934
947,143.476273934
948,143.476273934
949,143.476273934
950,143.476273934
951,143.476273934
952,143.476273934
953,143.476273934
954,143.476273934
955,143.476273934
956,143.476273934
957,143.476273934
958,143.476273934
959,143.476273934
960,143.476273934
961,143.476273934
962,143.476273934
963,143.476273934
964,143.476273934
965,143.476273934
966,143.476273934
967,143.476273934
968,143.476273934
969,143.476273934
970,143.476273934
971,143.476273934
972,143.476273934
973,143.476273934
974,143.476273934
975,143.476273934
976,143.476273934
977,143.476273934
978,143.476273934
979,143.476273934
980,143.476273934
981,143.476273934
982,143.476273934
983,143.476273934
984,143.476273934
985,143.476273934
986,143.476273934
987,143.476273934
988,143.476273934
989,143.476273934
990,143.476273934
991,143.476273934
992,143.476273934
993,143.476273934
994,143.476273934
995,143.476273934
996,143.476273934
997,143.476273934
998,143.476273934
999,143.476273934
