Iter,Best_Result
0,269.47927191699995
1,269.47927191699995
2,269.47927191699995
3,269.47927191699995
4,268.1174493190001
5,268.1174493190001
6,268.1174493190001
7,256.061763896
8,256.061763896
9,251.00368489899998
10,234.245333723
11,234.245333723
12,234.245333723
13,234.245333723
14,234.245333723
15,234.245333723
16,234.245333723
17,234.245333723
18,234.245333723
19,234.245333723
20,234.245333723
21,222.41045705000005
22,222.41045705000005
23,222.41045705000005
24,222.41045705000005
25,222.41045705000005
26,222.41045705000005
27,222.41045705000005
28,222.41045705000005
29,222.41045705000005
30,222.41045705000005
31,222.41045705000005
32,222.41045705000005
33,222.41045705000005
34,222.41045705000005
35,222.41045705000005
36,222.41045705000005
37,222.41045705000005
38,222.41045705000005
39,222.41045705000005
40,222.41045705000005
41,222.41045705000005
42,222.41045705000005
43,222.41045705000005
44,222.41045705000005
45,222.41045705000005
46,222.41045705000005
47,222.41045705000005
48,222.41045705000005
49,222.41045705000005
50,222.41045705000005
51,222.41045705000005
52,222.41045705000005
53,222.41045705000005
54,222.41045705000005
55,222.41045705000005
56,222.41045705000005
57,222.41045705000005
58,222.41045705000005
59,222.41045705000005
60,222.41045705000005
61,222.41045705000005
62,222.41045705000005
63,222.41045705000005
64,222.41045705000005
65,222.41045705000005
66,222.41045705000005
67,222.41045705000005
68,222.41045705000005
69,222.41045705000005
70,222.41045705000005
71,222.41045705000005
72,222.41045705000005
73,222.41045705000005
74,222.41045705000005
75,222.41045705000005
76,222.41045705000005
77,222.41045705000005
78,222.41045705000005
79,222.41045705000005
80,222.41045705000005
81,222.41045705000005
82,222.41045705000005
83,222.41045705000005
84,222.41045705000005
85,222.41045705000005
86,222.41045705000005
87,222.41045705000005
88,222.41045705000005
89,222.41045705000005
90,222.41045705000005
91,222.41045705000005
92,222.41045705000005
93,222.41045705000005
94,222.41045705000005
95,222.41045705000005
96,222.41045705000005
97,222.41045705000005
98,222.41045705000005
99,222.41045705000005
100,222.41045705000005
101,222.41045705000005
102,222.41045705000005
103,222.41045705000005
104,222.41045705000005
105,222.41045705000005
106,222.41045705000005
107,222.41045705000005
108,222.41045705000005
109,222.41045705000005
110,222.41045705000005
111,222.41045705000005
112,222.41045705000005
113,222.41045705000005
114,222.41045705000005
115,222.41045705000005
116,222.41045705000005
117,222.41045705000005
118,222.41045705000005
119,222.41045705000005
120,222.41045705000005
121,222.41045705000005
122,222.41045705000005
123,222.41045705000005
124,222.41045705000005
125,222.41045705000005
126,222.41045705000005
127,222.41045705000005
128,222.41045705000005
129,222.41045705000005
130,222.41045705000005
131,222.41045705000005
132,222.41045705000005
133,222.41045705000005
134,222.41045705000005
135,222.41045705000005
136,222.41045705000005
137,222.41045705000005
138,222.41045705000005
139,222.41045705000005
140,222.41045705000005
141,222.41045705000005
142,222.41045705000005
143,222.41045705000005
144,222.41045705000005
145,222.41045705000005
146,222.41045705000005
147,222.41045705000005
148,222.41045705000005
149,222.41045705000005
150,222.41045705000005
151,222.41045705000005
152,222.41045705000005
153,222.41045705000005
154,222.41045705000005
155,222.41045705000005
156,222.41045705000005
157,222.41045705000005
158,222.41045705000005
159,222.41045705000005
160,222.41045705000005
161,222.41045705000005
162,222.41045705000005
163,222.41045705000005
164,222.41045705000005
165,222.41045705000005
166,222.41045705000005
167,222.41045705000005
168,222.41045705000005
169,222.41045705000005
170,222.41045705000005
171,222.41045705000005
172,222.41045705000005
173,222.41045705000005
174,222.41045705000005
175,222.41045705000005
176,222.41045705000005
177,222.41045705000005
178,222.41045705000005
179,222.41045705000005
180,222.41045705000005
181,222.41045705000005
182,222.41045705000005
183,222.41045705000005
184,222.41045705000005
185,222.41045705000005
186,222.41045705000005
187,222.41045705000005
188,222.41045705000005
189,222.41045705000005
190,222.41045705000005
191,222.41045705000005
192,222.41045705000005
193,222.41045705000005
194,222.41045705000005
195,222.41045705000005
196,222.41045705000005
197,222.41045705000005
198,222.41045705000005
199,222.41045705000005
200,222.41045705000005
201,222.41045705000005
202,222.41045705000005
203,222.41045705000005
204,222.41045705000005
205,222.41045705000005
206,222.41045705000005
207,222.41045705000005
208,222.41045705000005
209,222.41045705000005
210,222.41045705000005
211,222.41045705000005
212,222.41045705000005
213,222.41045705000005
214,222.41045705000005
215,222.41045705000005
216,222.41045705000005
217,222.41045705000005
218,222.41045705000005
219,222.41045705000005
220,222.41045705000005
221,222.41045705000005
222,222.41045705000005
223,222.41045705000005
224,222.41045705000005
225,222.41045705000005
226,222.41045705000005
227,222.41045705000005
228,222.41045705000005
229,222.41045705000005
230,222.41045705000005
231,222.41045705000005
232,222.41045705000005
233,222.41045705000005
234,222.41045705000005
235,222.41045705000005
236,222.41045705000005
237,222.41045705000005
238,222.41045705000005
239,222.41045705000005
240,222.41045705000005
241,222.41045705000005
242,222.41045705000005
243,222.41045705000005
244,222.41045705000005
245,222.41045705000005
246,222.41045705000005
247,222.41045705000005
248,222.41045705000005
249,222.41045705000005
250,222.41045705000005
251,222.41045705000005
252,222.41045705000005
253,222.41045705000005
254,222.41045705000005
255,222.41045705000005
256,222.41045705000005
257,222.41045705000005
258,222.41045705000005
259,222.41045705000005
260,222.41045705000005
261,222.41045705000005
262,222.41045705000005
263,222.41045705000005
264,222.41045705000005
265,222.41045705000005
266,222.41045705000005
267,222.41045705000005
268,222.41045705000005
269,222.41045705000005
270,222.41045705000005
271,222.41045705000005
272,222.41045705000005
273,222.41045705000005
274,222.41045705000005
275,222.41045705000005
276,222.41045705000005
277,222.41045705000005
278,222.41045705000005
279,222.41045705000005
280,222.41045705000005
281,222.41045705000005
282,222.41045705000005
283,222.41045705000005
284,222.41045705000005
285,222.41045705000005
286,222.41045705000005
287,222.41045705000005
288,222.41045705000005
289,222.41045705000005
290,222.41045705000005
291,222.41045705000005
292,222.41045705000005
293,222.41045705000005
294,222.41045705000005
295,222.41045705000005
296,222.41045705000005
297,222.41045705000005
298,222.41045705000005
299,222.41045705000005
300,222.41045705000005
301,222.41045705000005
302,222.41045705000005
303,222.41045705000005
304,222.41045705000005
305,222.41045705000005
306,222.41045705000005
307,222.41045705000005
308,222.41045705000005
309,222.41045705000005
310,222.41045705000005
311,222.41045705000005
312,222.41045705000005
313,222.41045705000005
314,222.41045705000005
315,222.41045705000005
316,222.41045705000005
317,222.41045705000005
318,222.41045705000005
319,222.41045705000005
320,222.41045705000005
321,222.41045705000005
322,222.41045705000005
323,222.41045705000005
324,222.41045705000005
325,222.41045705000005
326,222.41045705000005
327,222.41045705000005
328,222.41045705000005
329,222.41045705000005
330,222.41045705000005
331,222.41045705000005
332,222.41045705000005
333,222.41045705000005
334,222.41045705000005
335,222.41045705000005
336,222.41045705000005
337,222.41045705000005
338,222.41045705000005
339,222.41045705000005
340,222.41045705000005
341,222.41045705000005
342,222.41045705000005
343,222.41045705000005
344,222.41045705000005
345,222.41045705000005
346,222.41045705000005
347,222.41045705000005
348,222.41045705000005
349,222.41045705000005
350,222.41045705000005
351,222.41045705000005
352,222.41045705000005
353,222.41045705000005
354,222.41045705000005
355,222.41045705000005
356,222.41045705000005
357,222.41045705000005
358,222.41045705000005
359,222.41045705000005
360,222.41045705000005
361,222.41045705000005
362,222.41045705000005
363,222.41045705000005
364,222.41045705000005
365,222.41045705000005
366,222.41045705000005
367,222.41045705000005
368,222.41045705000005
369,222.41045705000005
370,222.41045705000005
371,222.41045705000005
372,222.41045705000005
373,222.41045705000005
374,222.41045705000005
375,222.41045705000005
376,222.41045705000005
377,222.41045705000005
378,222.41045705000005
379,222.41045705000005
380,222.41045705000005
381,222.41045705000005
382,222.41045705000005
383,222.41045705000005
384,222.41045705000005
385,222.41045705000005
386,222.41045705000005
387,222.41045705000005
388,222.41045705000005
389,222.41045705000005
390,222.41045705000005
391,222.41045705000005
392,222.41045705000005
393,222.41045705000005
394,222.41045705000005
395,222.41045705000005
396,222.41045705000005
397,222.41045705000005
398,222.41045705000005
399,222.41045705000005
400,222.41045705000005
401,222.41045705000005
402,222.41045705000005
403,222.41045705000005
404,222.41045705000005
405,222.41045705000005
406,222.41045705000005
407,222.41045705000005
408,222.41045705000005
409,222.41045705000005
410,222.41045705000005
411,222.41045705000005
412,222.41045705000005
413,222.41045705000005
414,222.41045705000005
415,222.41045705000005
416,222.41045705000005
417,222.41045705000005
418,222.41045705000005
419,222.41045705000005
420,222.41045705000005
421,222.41045705000005
422,222.41045705000005
423,222.41045705000005
424,222.41045705000005
425,222.41045705000005
426,222.41045705000005
427,222.41045705000005
428,222.41045705000005
429,222.41045705000005
430,222.41045705000005
431,222.41045705000005
432,222.41045705000005
433,222.41045705000005
434,222.41045705000005
435,222.41045705000005
436,222.41045705000005
437,222.41045705000005
438,222.41045705000005
439,222.41045705000005
440,222.41045705000005
441,222.41045705000005
442,222.41045705000005
443,222.41045705000005
444,222.41045705000005
445,222.41045705000005
446,222.41045705000005
447,222.41045705000005
448,222.41045705000005
449,222.41045705000005
450,222.41045705000005
451,222.41045705000005
452,222.41045705000005
453,222.41045705000005
454,222.41045705000005
455,222.41045705000005
456,222.41045705000005
457,222.41045705000005
458,222.41045705000005
459,222.41045705000005
460,222.41045705000005
461,222.41045705000005
462,222.41045705000005
463,222.41045705000005
464,222.41045705000005
465,222.41045705000005
466,222.41045705000005
467,222.41045705000005
468,222.41045705000005
469,222.41045705000005
470,222.41045705000005
471,222.41045705000005
472,222.41045705000005
473,222.41045705000005
474,222.41045705000005
475,222.41045705000005
476,222.41045705000005
477,222.41045705000005
478,222.41045705000005
479,222.41045705000005
480,222.41045705000005
481,222.41045705000005
482,219.984240436
483,219.984240436
484,219.984240436
485,219.984240436
486,218.069875686
487,218.069875686
488,218.069875686
489,218.069875686
490,218.069875686
491,218.069875686
492,218.069875686
493,218.069875686
494,218.069875686
495,218.069875686
496,218.069875686
497,218.069875686
498,218.069875686
499,218.069875686
500,218.069875686
501,218.069875686
502,218.069875686
503,218.069875686
504,218.069875686
505,218.069875686
506,218.069875686
507,218.069875686
508,218.069875686
509,218.069875686
510,218.069875686
511,218.069875686
512,218.069875686
513,218.069875686
514,218.069875686
515,218.069875686
516,218.069875686
517,218.069875686
518,218.069875686
519,218.069875686
520,218.069875686
521,218.069875686
522,218.069875686
523,218.069875686
524,218.069875686
525,218.069875686
526,218.069875686
527,218.069875686
528,218.069875686
529,218.069875686
530,218.069875686
531,218.069875686
532,218.069875686
533,218.069875686
534,218.069875686
535,218.069875686
536,218.069875686
537,218.069875686
538,218.069875686
539,218.069875686
540,218.069875686
541,218.069875686
542,218.069875686
543,218.069875686
544,218.069875686
545,218.069875686
546,218.069875686
547,218.069875686
548,218.069875686
549,218.069875686
550,218.069875686
551,218.069875686
552,218.069875686
553,218.069875686
554,218.069875686
555,218.069875686
556,218.069875686
557,218.069875686
558,218.069875686
559,218.069875686
560,218.069875686
561,218.069875686
562,218.069875686
563,218.069875686
564,218.069875686
565,218.069875686
566,218.069875686
567,218.069875686
568,218.069875686
569,218.069875686
570,218.069875686
571,218.069875686
572,218.069875686
573,218.069875686
574,218.069875686
575,218.069875686
576,218.069875686
577,218.069875686
578,218.069875686
579,218.069875686
580,218.069875686
581,218.069875686
582,218.069875686
583,218.069875686
584,218.069875686
585,218.069875686
586,218.069875686
587,218.069875686
588,218.069875686
589,218.069875686
590,218.069875686
591,218.069875686
592,218.069875686
593,218.069875686
594,218.069875686
595,218.069875686
596,218.069875686
597,218.069875686
598,218.069875686
599,218.069875686
600,218.069875686
601,218.069875686
602,218.069875686
603,218.069875686
604,218.069875686
605,218.069875686
606,218.069875686
607,218.069875686
608,218.069875686
609,218.069875686
610,218.069875686
611,218.069875686
612,218.069875686
613,218.069875686
614,218.069875686
615,218.069875686
616,218.069875686
617,218.069875686
618,218.069875686
619,218.069875686
620,218.069875686
621,218.069875686
622,218.069875686
623,218.069875686
624,218.069875686
625,218.069875686
626,218.069875686
627,218.069875686
628,218.069875686
629,218.069875686
630,218.069875686
631,218.069875686
632,218.069875686
633,218.069875686
634,218.069875686
635,218.069875686
636,218.069875686
637,218.069875686
638,218.069875686
639,218.069875686
640,218.069875686
641,218.069875686
642,218.069875686
643,218.069875686
644,218.069875686
645,218.069875686
646,218.069875686
647,218.069875686
648,218.069875686
649,218.069875686
650,218.069875686
651,218.069875686
652,218.069875686
653,218.069875686
654,218.069875686
655,218.069875686
656,218.069875686
657,218.069875686
658,218.069875686
659,218.069875686
660,218.069875686
661,218.069875686
662,218.069875686
663,218.069875686
664,218.069875686
665,218.069875686
666,218.069875686
667,218.069875686
668,218.069875686
669,218.069875686
670,218.069875686
671,218.069875686
672,218.069875686
673,218.069875686
674,218.069875686
675,218.069875686
676,218.069875686
677,218.069875686
678,218.069875686
679,218.069875686
680,218.069875686
681,218.069875686
682,218.069875686
683,218.069875686
684,218.069875686
685,218.069875686
686,218.069875686
687,218.069875686
688,218.069875686
689,218.069875686
690,218.069875686
691,218.069875686
692,218.069875686
693,218.069875686
694,218.069875686
695,218.069875686
696,218.069875686
697,218.069875686
698,218.069875686
699,218.069875686
700,218.069875686
701,218.069875686
702,218.069875686
703,218.069875686
704,218.069875686
705,218.069875686
706,218.069875686
707,218.069875686
708,218.069875686
709,218.069875686
710,218.069875686
711,218.069875686
712,218.069875686
713,218.069875686
714,218.069875686
715,218.069875686
716,218.069875686
717,218.069875686
718,218.069875686
719,218.069875686
720,218.069875686
721,218.069875686
722,218.069875686
723,218.069875686
724,218.069875686
725,218.069875686
726,218.069875686
727,218.069875686
728,218.069875686
729,218.069875686
730,218.069875686
731,218.069875686
732,218.069875686
733,218.069875686
734,218.069875686
735,218.069875686
736,218.069875686
737,218.069875686
738,218.069875686
739,218.069875686
740,218.069875686
741,218.069875686
742,218.069875686
743,218.069875686
744,218.069875686
745,218.069875686
746,218.069875686
747,218.069875686
748,218.069875686
749,218.069875686
750,218.069875686
751,218.069875686
752,218.069875686
753,218.069875686
754,218.069875686
755,218.069875686
756,218.069875686
757,218.069875686
758,218.069875686
759,218.069875686
760,218.069875686
761,218.069875686
762,218.069875686
763,218.069875686
764,218.069875686
765,218.069875686
766,218.069875686
767,218.069875686
768,218.069875686
769,218.069875686
770,218.069875686
771,218.069875686
772,218.069875686
773,218.069875686
774,218.069875686
775,218.069875686
776,218.069875686
777,218.069875686
778,218.069875686
779,218.069875686
780,218.069875686
781,218.069875686
782,218.069875686
783,218.069875686
784,218.069875686
785,218.069875686
786,218.069875686
787,218.069875686
788,218.069875686
789,218.069875686
790,218.069875686
791,218.069875686
792,218.069875686
793,218.069875686
794,218.069875686
795,218.069875686
796,218.069875686
797,218.069875686
798,218.069875686
799,218.069875686
800,218.069875686
801,218.069875686
802,218.069875686
803,218.069875686
804,218.069875686
805,218.069875686
806,218.069875686
807,218.069875686
808,218.069875686
809,218.069875686
810,218.069875686
811,218.069875686
812,218.069875686
813,218.069875686
814,218.069875686
815,218.069875686
816,218.069875686
817,218.069875686
818,218.069875686
819,218.069875686
820,218.069875686
821,218.069875686
822,218.069875686
823,218.069875686
824,218.069875686
825,218.069875686
826,218.069875686
827,218.069875686
828,218.069875686
829,218.069875686
830,218.069875686
831,218.069875686
832,218.069875686
833,218.069875686
834,218.069875686
835,218.069875686
836,218.069875686
837,218.069875686
838,218.069875686
839,218.069875686
840,218.069875686
841,218.069875686
842,218.069875686
843,218.069875686
844,218.069875686
845,218.069875686
846,218.069875686
847,218.069875686
848,218.069875686
849,218.069875686
850,218.069875686
851,218.069875686
852,218.069875686
853,218.069875686
854,218.069875686
855,218.069875686
856,218.069875686
857,218.069875686
858,218.069875686
859,218.069875686
860,218.069875686
861,218.069875686
862,218.069875686
863,218.069875686
864,218.069875686
865,218.069875686
866,218.069875686
867,218.069875686
868,218.069875686
869,218.069875686
870,218.069875686
871,218.069875686
872,218.069875686
873,218.069875686
874,218.069875686
875,218.069875686
876,218.069875686
877,218.069875686
878,218.069875686
879,218.069875686
880,218.069875686
881,218.069875686
882,218.069875686
883,218.069875686
884,218.069875686
885,218.069875686
886,218.069875686
887,218.069875686
888,218.069875686
889,218.069875686
890,218.069875686
891,218.069875686
892,218.069875686
893,218.069875686
894,218.069875686
895,218.069875686
896,218.069875686
897,218.069875686
898,218.069875686
899,218.069875686
900,218.069875686
901,218.069875686
902,218.069875686
903,218.069875686
904,218.069875686
905,218.069875686
906,218.069875686
907,218.069875686
908,218.069875686
909,218.069875686
910,218.069875686
911,218.069875686
912,218.069875686
913,218.069875686
914,218.069875686
915,218.069875686
916,218.069875686
917,218.069875686
918,218.069875686
919,218.069875686
920,218.069875686
921,218.069875686
922,218.069875686
923,218.069875686
924,218.069875686
925,218.069875686
926,218.069875686
927,218.069875686
928,218.069875686
929,218.069875686
930,218.069875686
931,218.069875686
932,218.069875686
933,218.069875686
934,218.069875686
935,218.069875686
936,218.069875686
937,218.069875686
938,218.069875686
939,218.069875686
940,218.069875686
941,218.069875686
942,218.069875686
943,218.069875686
944,218.069875686
945,218.069875686
946,218.069875686
947,218.069875686
948,218.069875686
949,218.069875686
950,218.069875686
951,218.069875686
952,218.069875686
953,218.069875686
954,218.069875686
955,218.069875686
956,218.069875686
957,218.069875686
958,218.069875686
959,218.069875686
960,218.069875686
961,218.069875686
962,218.069875686
963,218.069875686
964,218.069875686
965,218.069875686
966,218.069875686
967,218.069875686
968,218.069875686
969,218.069875686
970,218.069875686
971,218.069875686
972,218.069875686
973,218.069875686
974,218.069875686
975,218.069875686
976,218.069875686
977,218.069875686
978,218.069875686
979,218.069875686
980,218.069875686
981,218.069875686
982,218.069875686
983,218.069875686
984,218.069875686
985,218.069875686
986,218.069875686
987,218.069875686
988,218.069875686
989,218.069875686
990,218.069875686
991,218.069875686
992,218.069875686
993,218.069875686
994,218.069875686
995,218.069875686
996,218.069875686
997,218.069875686
998,218.069875686
999,218.069875686
