Iter,Best_Result
0,467.23644520700003
1,467.23644520700003
2,353.934586377
3,353.934586377
4,353.934586377
5,353.934586377
6,353.934586377
7,353.934586377
8,314.17134043100003
9,314.17134043100003
10,314.17134043100003
11,309.024908892
12,309.024908892
13,309.024908892
14,309.024908892
15,309.024908892
16,281.7200773569999
17,281.7200773569999
18,281.7200773569999
19,273.367360769
20,273.367360769
21,273.367360769
22,273.367360769
23,273.367360769
24,270.188219407
25,270.188219407
26,270.188219407
27,248.058371097
28,248.058371097
29,245.81017045299996
30,245.81017045299996
31,245.81017045299996
32,245.81017045299996
33,245.81017045299996
34,245.81017045299996
35,245.81017045299996
36,245.81017045299996
37,245.81017045299996
38,245.66841394299996
39,245.66841394299996
40,245.66841394299996
41,245.66841394299996
42,245.66841394299996
43,245.66841394299996
44,245.66841394299996
45,245.66841394299996
46,245.66841394299996
47,245.66841394299996
48,245.66841394299996
49,245.66841394299996
50,245.66841394299996
51,245.66841394299996
52,245.66841394299996
53,245.66841394299996
54,245.66841394299996
55,245.66841394299996
56,245.66841394299996
57,245.66841394299996
58,245.66841394299996
59,245.66841394299996
60,245.66841394299996
61,245.66841394299996
62,245.66841394299996
63,245.66841394299996
64,245.66841394299996
65,245.66841394299996
66,245.66841394299996
67,245.66841394299996
68,245.66841394299996
69,245.66841394299996
70,245.66841394299996
71,245.66841394299996
72,245.66841394299996
73,245.66841394299996
74,245.66841394299996
75,245.66841394299996
76,245.66841394299996
77,245.66841394299996
78,245.66841394299996
79,245.66841394299996
80,245.66841394299996
81,245.66841394299996
82,245.66841394299996
83,245.66841394299996
84,245.66841394299996
85,245.66841394299996
86,245.66841394299996
87,245.66841394299996
88,245.66841394299996
89,245.66841394299996
90,245.66841394299996
91,245.66841394299996
92,245.66841394299996
93,245.66841394299996
94,245.66841394299996
95,245.66841394299996
96,245.66841394299996
97,245.66841394299996
98,245.66841394299996
99,245.66841394299996
100,245.66841394299996
101,245.66841394299996
102,245.66841394299996
103,245.66841394299996
104,245.66841394299996
105,245.66841394299996
106,245.66841394299996
107,245.66841394299996
108,245.66841394299996
109,245.66841394299996
110,245.66841394299996
111,245.66841394299996
112,245.66841394299996
113,245.66841394299996
114,245.66841394299996
115,245.66841394299996
116,245.66841394299996
117,245.66841394299996
118,245.66841394299996
119,245.66841394299996
120,245.66841394299996
121,245.66841394299996
122,245.66841394299996
123,245.66841394299996
124,245.66841394299996
125,245.66841394299996
126,245.66841394299996
127,245.66841394299996
128,245.66841394299996
129,245.66841394299996
130,245.66841394299996
131,245.66841394299996
132,245.66841394299996
133,245.66841394299996
134,245.66841394299996
135,245.66841394299996
136,245.66841394299996
137,245.66841394299996
138,245.66841394299996
139,245.66841394299996
140,245.66841394299996
141,245.66841394299996
142,245.66841394299996
143,245.66841394299996
144,245.66841394299996
145,245.66841394299996
146,245.66841394299996
147,245.66841394299996
148,245.66841394299996
149,245.66841394299996
150,245.66841394299996
151,245.66841394299996
152,245.66841394299996
153,245.66841394299996
154,245.66841394299996
155,245.66841394299996
156,245.66841394299996
157,245.66841394299996
158,245.66841394299996
159,245.66841394299996
160,245.66841394299996
161,245.66841394299996
162,245.66841394299996
163,245.66841394299996
164,245.66841394299996
165,245.66841394299996
166,245.66841394299996
167,245.66841394299996
168,245.66841394299996
169,245.66841394299996
170,245.66841394299996
171,245.66841394299996
172,245.66841394299996
173,245.66841394299996
174,245.66841394299996
175,245.66841394299996
176,245.66841394299996
177,245.66841394299996
178,245.66841394299996
179,245.66841394299996
180,245.66841394299996
181,245.66841394299996
182,245.66841394299996
183,245.66841394299996
184,245.66841394299996
185,245.66841394299996
186,245.66841394299996
187,245.66841394299996
188,245.66841394299996
189,245.66841394299996
190,245.66841394299996
191,245.66841394299996
192,245.66841394299996
193,245.66841394299996
194,245.66841394299996
195,245.66841394299996
196,245.66841394299996
197,245.66841394299996
198,245.66841394299996
199,245.66841394299996
200,245.66841394299996
201,245.66841394299996
202,245.66841394299996
203,245.66841394299996
204,245.66841394299996
205,245.66841394299996
206,245.66841394299996
207,245.66841394299996
208,245.66841394299996
209,245.66841394299996
210,245.66841394299996
211,245.66841394299996
212,245.66841394299996
213,245.66841394299996
214,245.66841394299996
215,245.66841394299996
216,245.66841394299996
217,245.66841394299996
218,245.66841394299996
219,245.66841394299996
220,245.66841394299996
221,245.66841394299996
222,245.66841394299996
223,245.66841394299996
224,245.66841394299996
225,245.66841394299996
226,245.66841394299996
227,245.66841394299996
228,245.66841394299996
229,245.66841394299996
230,245.66841394299996
231,245.66841394299996
232,245.66841394299996
233,245.66841394299996
234,245.66841394299996
235,245.66841394299996
236,245.66841394299996
237,245.66841394299996
238,245.66841394299996
239,245.66841394299996
240,245.66841394299996
241,245.66841394299996
242,245.66841394299996
243,245.66841394299996
244,245.66841394299996
245,245.66841394299996
246,245.66841394299996
247,245.66841394299996
248,245.66841394299996
249,245.66841394299996
250,245.66841394299996
251,245.66841394299996
252,245.66841394299996
253,245.66841394299996
254,245.66841394299996
255,245.66841394299996
256,245.66841394299996
257,245.66841394299996
258,245.66841394299996
259,245.66841394299996
260,245.66841394299996
261,245.66841394299996
262,245.66841394299996
263,245.66841394299996
264,245.66841394299996
265,245.66841394299996
266,245.66841394299996
267,245.66841394299996
268,245.66841394299996
269,245.66841394299996
270,245.66841394299996
271,245.66841394299996
272,245.66841394299996
273,245.66841394299996
274,245.66841394299996
275,245.66841394299996
276,245.66841394299996
277,245.66841394299996
278,245.66841394299996
279,245.66841394299996
280,245.66841394299996
281,245.66841394299996
282,245.66841394299996
283,245.66841394299996
284,245.66841394299996
285,245.66841394299996
286,245.66841394299996
287,245.66841394299996
288,245.66841394299996
289,245.66841394299996
290,245.66841394299996
291,245.66841394299996
292,245.66841394299996
293,245.66841394299996
294,245.66841394299996
295,245.66841394299996
296,245.66841394299996
297,245.66841394299996
298,245.66841394299996
299,245.66841394299996
300,245.66841394299996
301,245.66841394299996
302,245.66841394299996
303,245.66841394299996
304,245.66841394299996
305,245.66841394299996
306,245.66841394299996
307,245.66841394299996
308,245.66841394299996
309,245.66841394299996
310,245.66841394299996
311,245.66841394299996
312,245.66841394299996
313,245.66841394299996
314,245.66841394299996
315,245.66841394299996
316,245.66841394299996
317,245.66841394299996
318,245.66841394299996
319,245.66841394299996
320,245.66841394299996
321,245.66841394299996
322,245.66841394299996
323,245.66841394299996
324,245.66841394299996
325,245.66841394299996
326,245.66841394299996
327,245.66841394299996
328,245.66841394299996
329,245.66841394299996
330,245.66841394299996
331,245.66841394299996
332,245.66841394299996
333,245.66841394299996
334,245.66841394299996
335,245.66841394299996
336,245.66841394299996
337,245.66841394299996
338,245.66841394299996
339,245.66841394299996
340,245.66841394299996
341,245.66841394299996
342,245.66841394299996
343,245.66841394299996
344,245.66841394299996
345,245.66841394299996
346,245.66841394299996
347,245.66841394299996
348,245.66841394299996
349,245.66841394299996
350,245.66841394299996
351,245.66841394299996
352,245.66841394299996
353,245.66841394299996
354,245.66841394299996
355,245.66841394299996
356,245.66841394299996
357,245.66841394299996
358,245.66841394299996
359,245.66841394299996
360,245.66841394299996
361,245.66841394299996
362,245.66841394299996
363,245.66841394299996
364,245.66841394299996
365,245.66841394299996
366,245.66841394299996
367,245.66841394299996
368,245.66841394299996
369,245.66841394299996
370,245.66841394299996
371,245.66841394299996
372,245.66841394299996
373,245.66841394299996
374,245.66841394299996
375,245.66841394299996
376,245.66841394299996
377,245.66841394299996
378,245.66841394299996
379,245.66841394299996
380,245.66841394299996
381,245.66841394299996
382,245.66841394299996
383,245.66841394299996
384,245.66841394299996
385,245.66841394299996
386,245.66841394299996
387,245.66841394299996
388,245.66841394299996
389,245.66841394299996
390,245.66841394299996
391,245.66841394299996
392,245.66841394299996
393,245.66841394299996
394,237.72307036599997
395,237.72307036599997
396,237.72307036599997
397,237.72307036599997
398,237.72307036599997
399,237.72307036599997
400,227.566780404
401,227.566780404
402,227.566780404
403,227.566780404
404,227.566780404
405,227.566780404
406,227.566780404
407,227.566780404
408,227.566780404
409,227.566780404
410,227.566780404
411,227.566780404
412,227.566780404
413,227.566780404
414,227.566780404
415,227.566780404
416,227.566780404
417,227.566780404
418,227.566780404
419,227.566780404
420,227.566780404
421,227.566780404
422,227.566780404
423,227.566780404
424,227.566780404
425,227.566780404
426,227.566780404
427,227.566780404
428,227.566780404
429,227.566780404
430,227.566780404
431,227.566780404
432,227.566780404
433,227.566780404
434,227.566780404
435,227.566780404
436,227.566780404
437,227.566780404
438,227.566780404
439,227.566780404
440,227.566780404
441,227.566780404
442,227.566780404
443,227.566780404
444,227.566780404
445,227.566780404
446,227.566780404
447,227.566780404
448,227.566780404
449,227.566780404
450,227.566780404
451,227.566780404
452,227.566780404
453,227.566780404
454,227.566780404
455,227.566780404
456,227.566780404
457,227.566780404
458,227.566780404
459,227.566780404
460,227.566780404
461,227.566780404
462,227.566780404
463,227.566780404
464,227.566780404
465,227.566780404
466,227.566780404
467,227.566780404
468,227.566780404
469,227.566780404
470,227.566780404
471,227.566780404
472,227.566780404
473,227.566780404
474,227.566780404
475,227.566780404
476,227.566780404
477,227.566780404
478,227.566780404
479,227.566780404
480,227.566780404
481,227.566780404
482,227.566780404
483,227.566780404
484,227.566780404
485,227.566780404
486,227.566780404
487,227.566780404
488,227.566780404
489,227.566780404
490,227.566780404
491,227.566780404
492,227.566780404
493,227.566780404
494,227.566780404
495,227.566780404
496,227.566780404
497,227.566780404
498,227.566780404
499,227.566780404
500,227.566780404
501,227.566780404
502,227.566780404
503,227.566780404
504,227.566780404
505,227.566780404
506,227.566780404
507,227.566780404
508,227.566780404
509,227.566780404
510,227.566780404
511,227.566780404
512,227.566780404
513,227.566780404
514,227.566780404
515,227.566780404
516,227.566780404
517,227.566780404
518,227.566780404
519,227.566780404
520,227.566780404
521,227.566780404
522,227.566780404
523,227.566780404
524,227.566780404
525,227.566780404
526,227.566780404
527,227.566780404
528,227.566780404
529,227.566780404
530,227.566780404
531,227.566780404
532,227.566780404
533,227.566780404
534,227.566780404
535,227.566780404
536,227.566780404
537,227.566780404
538,227.566780404
539,227.566780404
540,227.566780404
541,227.566780404
542,227.566780404
543,227.566780404
544,227.566780404
545,227.566780404
546,227.566780404
547,227.566780404
548,227.566780404
549,227.566780404
550,227.566780404
551,227.566780404
552,227.566780404
553,227.566780404
554,227.566780404
555,227.566780404
556,227.566780404
557,227.566780404
558,227.566780404
559,227.566780404
560,227.566780404
561,227.566780404
562,227.566780404
563,227.566780404
564,227.566780404
565,227.566780404
566,227.566780404
567,227.566780404
568,227.566780404
569,227.566780404
570,227.566780404
571,227.566780404
572,227.566780404
573,227.566780404
574,227.566780404
575,227.566780404
576,227.566780404
577,227.566780404
578,227.566780404
579,227.566780404
580,227.566780404
581,227.566780404
582,227.566780404
583,227.566780404
584,227.566780404
585,227.566780404
586,227.566780404
587,227.566780404
588,227.566780404
589,227.566780404
590,227.566780404
591,227.566780404
592,227.566780404
593,227.566780404
594,227.566780404
595,227.566780404
596,227.566780404
597,227.566780404
598,227.566780404
599,227.566780404
600,227.566780404
601,227.566780404
602,227.566780404
603,227.566780404
604,227.566780404
605,227.566780404
606,227.566780404
607,227.566780404
608,227.566780404
609,227.566780404
610,227.566780404
611,227.566780404
612,227.566780404
613,227.566780404
614,227.566780404
615,227.566780404
616,227.566780404
617,227.566780404
618,227.566780404
619,227.566780404
620,227.566780404
621,227.566780404
622,227.566780404
623,227.566780404
624,227.566780404
625,227.566780404
626,227.566780404
627,227.566780404
628,227.566780404
629,227.566780404
630,227.566780404
631,227.566780404
632,227.566780404
633,227.566780404
634,227.566780404
635,227.566780404
636,227.566780404
637,227.566780404
638,227.566780404
639,227.566780404
640,227.566780404
641,227.566780404
642,227.566780404
643,227.566780404
644,227.566780404
645,227.566780404
646,227.566780404
647,227.566780404
648,227.566780404
649,227.566780404
650,227.566780404
651,227.566780404
652,227.566780404
653,227.566780404
654,227.566780404
655,227.566780404
656,227.566780404
657,227.566780404
658,227.566780404
659,227.566780404
660,227.566780404
661,227.566780404
662,227.566780404
663,227.566780404
664,227.566780404
665,227.566780404
666,227.566780404
667,227.566780404
668,227.566780404
669,227.566780404
670,227.566780404
671,227.566780404
672,227.566780404
673,227.566780404
674,227.566780404
675,227.566780404
676,227.566780404
677,227.566780404
678,227.566780404
679,227.566780404
680,227.566780404
681,227.566780404
682,227.566780404
683,227.566780404
684,227.566780404
685,227.566780404
686,227.566780404
687,227.566780404
688,227.566780404
689,227.566780404
690,227.566780404
691,227.566780404
692,227.566780404
693,227.566780404
694,227.566780404
695,227.566780404
696,227.566780404
697,227.566780404
698,227.566780404
699,227.566780404
700,227.566780404
701,227.566780404
702,227.566780404
703,227.566780404
704,227.566780404
705,227.566780404
706,227.566780404
707,227.566780404
708,227.566780404
709,227.566780404
710,227.566780404
711,227.566780404
712,227.566780404
713,227.566780404
714,227.566780404
715,227.566780404
716,227.566780404
717,227.566780404
718,227.566780404
719,227.566780404
720,227.566780404
721,227.566780404
722,227.566780404
723,227.566780404
724,227.566780404
725,227.566780404
726,227.566780404
727,227.566780404
728,227.566780404
729,227.566780404
730,227.566780404
731,227.566780404
732,227.566780404
733,227.566780404
734,227.566780404
735,227.566780404
736,227.566780404
737,227.566780404
738,227.566780404
739,227.566780404
740,227.566780404
741,227.566780404
742,227.566780404
743,227.566780404
744,227.566780404
745,227.566780404
746,227.566780404
747,227.566780404
748,227.566780404
749,227.566780404
750,227.566780404
751,227.566780404
752,227.566780404
753,227.566780404
754,227.566780404
755,227.566780404
756,227.566780404
757,227.566780404
758,227.566780404
759,227.566780404
760,227.566780404
761,227.566780404
762,227.566780404
763,227.566780404
764,227.566780404
765,227.566780404
766,227.566780404
767,227.566780404
768,227.566780404
769,227.566780404
770,227.566780404
771,227.566780404
772,227.566780404
773,227.566780404
774,227.566780404
775,227.566780404
776,227.566780404
777,227.566780404
778,227.566780404
779,227.566780404
780,227.566780404
781,227.566780404
782,227.566780404
783,227.566780404
784,227.566780404
785,227.566780404
786,227.566780404
787,227.566780404
788,227.566780404
789,227.566780404
790,227.566780404
791,227.566780404
792,227.566780404
793,227.566780404
794,227.566780404
795,227.566780404
796,227.566780404
797,227.566780404
798,227.566780404
799,227.566780404
800,227.566780404
801,227.566780404
802,227.566780404
803,227.566780404
804,227.566780404
805,227.566780404
806,227.566780404
807,227.566780404
808,227.566780404
809,227.566780404
810,227.566780404
811,227.566780404
812,227.566780404
813,227.566780404
814,227.566780404
815,227.566780404
816,227.566780404
817,227.566780404
818,227.566780404
819,227.566780404
820,227.566780404
821,227.566780404
822,227.566780404
823,227.566780404
824,227.566780404
825,227.566780404
826,227.566780404
827,227.566780404
828,227.566780404
829,227.566780404
830,227.566780404
831,227.566780404
832,227.566780404
833,227.566780404
834,227.566780404
835,227.566780404
836,227.566780404
837,227.566780404
838,227.566780404
839,227.566780404
840,227.566780404
841,227.566780404
842,227.566780404
843,227.566780404
844,227.566780404
845,227.566780404
846,227.566780404
847,227.566780404
848,227.566780404
849,227.566780404
850,227.566780404
851,227.566780404
852,227.566780404
853,227.566780404
854,227.566780404
855,227.566780404
856,227.566780404
857,227.566780404
858,227.566780404
859,227.566780404
860,227.566780404
861,227.566780404
862,227.566780404
863,227.566780404
864,227.566780404
865,227.566780404
866,227.566780404
867,227.566780404
868,227.566780404
869,227.566780404
870,227.566780404
871,227.566780404
872,227.566780404
873,227.566780404
874,227.566780404
875,227.566780404
876,227.566780404
877,227.566780404
878,227.566780404
879,227.566780404
880,227.566780404
881,227.566780404
882,227.566780404
883,227.566780404
884,227.566780404
885,227.566780404
886,227.566780404
887,227.566780404
888,227.566780404
889,227.566780404
890,227.566780404
891,227.566780404
892,227.566780404
893,227.566780404
894,227.566780404
895,227.566780404
896,227.566780404
897,227.566780404
898,227.566780404
899,227.566780404
900,227.566780404
901,227.566780404
902,227.566780404
903,227.566780404
904,227.566780404
905,227.566780404
906,227.566780404
907,227.566780404
908,227.566780404
909,227.566780404
910,227.566780404
911,227.566780404
912,227.566780404
913,227.566780404
914,227.566780404
915,227.566780404
916,227.566780404
917,227.566780404
918,227.566780404
919,227.566780404
920,227.566780404
921,227.566780404
922,227.566780404
923,227.566780404
924,227.566780404
925,227.566780404
926,227.566780404
927,227.566780404
928,227.566780404
929,227.566780404
930,227.566780404
931,227.566780404
932,227.566780404
933,227.566780404
934,227.566780404
935,227.566780404
936,227.566780404
937,227.566780404
938,227.566780404
939,227.566780404
940,227.566780404
941,227.566780404
942,227.566780404
943,227.566780404
944,227.566780404
945,227.566780404
946,227.566780404
947,227.566780404
948,227.566780404
949,227.566780404
950,227.566780404
951,227.566780404
952,227.566780404
953,227.566780404
954,227.566780404
955,227.566780404
956,227.566780404
957,227.566780404
958,227.566780404
959,227.566780404
960,227.566780404
961,227.566780404
962,227.566780404
963,227.566780404
964,227.566780404
965,227.566780404
966,227.566780404
967,227.566780404
968,227.566780404
969,227.566780404
970,227.566780404
971,227.566780404
972,227.566780404
973,227.566780404
974,227.566780404
975,227.566780404
976,227.566780404
977,227.566780404
978,227.566780404
979,227.566780404
980,227.566780404
981,227.566780404
982,227.566780404
983,227.566780404
984,227.566780404
985,227.566780404
986,227.566780404
987,227.566780404
988,227.566780404
989,227.566780404
990,227.566780404
991,227.566780404
992,227.566780404
993,227.566780404
994,227.566780404
995,227.566780404
996,227.566780404
997,227.566780404
998,227.566780404
999,227.566780404
