Iter,Best_Result
0,4318.047027342999
1,3508.569404734
2,2790.357398804
3,711.7461213499998
4,678.387996383
5,678.387996383
6,678.387996383
7,678.387996383
8,676.2610359359996
9,676.2610359359996
10,676.2610359359996
11,637.8559852819997
12,637.8559852819997
13,637.8559852819997
14,637.8559852819997
15,637.8559852819997
16,637.8559852819997
17,637.8559852819997
18,637.8559852819997
19,637.8559852819997
20,637.8559852819997
21,565.7020270139997
22,565.7020270139997
23,527.6180119479998
24,527.6180119479998
25,527.6180119479998
26,527.6180119479998
27,527.4363202469998
28,527.4363202469998
29,527.0048903789999
30,527.0048903789999
31,527.0048903789999
32,527.0048903789999
33,527.0048903789999
34,527.0048903789999
35,527.0048903789999
36,527.0048903789999
37,527.0048903789999
38,527.0048903789999
39,527.0048903789999
40,527.0048903789999
41,527.0048903789999
42,527.0048903789999
43,527.0048903789999
44,527.0048903789999
45,527.0048903789999
46,527.0048903789999
47,527.0048903789999
48,527.0048903789999
49,527.0048903789999
50,527.0048903789999
51,527.0048903789999
52,518.949398456
53,518.949398456
54,518.949398456
55,518.949398456
56,518.949398456
57,518.949398456
58,518.949398456
59,518.949398456
60,518.949398456
61,518.949398456
62,518.949398456
63,518.949398456
64,518.949398456
65,518.949398456
66,518.949398456
67,518.949398456
68,518.949398456
69,518.949398456
70,518.949398456
71,518.949398456
72,518.949398456
73,518.949398456
74,518.949398456
75,518.949398456
76,518.949398456
77,518.949398456
78,518.949398456
79,518.949398456
80,518.949398456
81,518.949398456
82,518.949398456
83,518.949398456
84,504.792342123
85,504.792342123
86,504.792342123
87,504.792342123
88,504.792342123
89,504.792342123
90,504.792342123
91,504.792342123
92,504.792342123
93,504.792342123
94,504.792342123
95,504.792342123
96,504.792342123
97,504.792342123
98,504.792342123
99,504.792342123
100,504.792342123
101,504.792342123
102,504.792342123
103,504.792342123
104,504.792342123
105,504.792342123
106,504.792342123
107,504.792342123
108,504.792342123
109,504.792342123
110,504.792342123
111,504.792342123
112,504.792342123
113,504.792342123
114,504.792342123
115,504.792342123
116,504.792342123
117,504.792342123
118,504.792342123
119,504.792342123
120,504.792342123
121,504.792342123
122,504.792342123
123,504.792342123
124,504.792342123
125,504.792342123
126,504.792342123
127,504.792342123
128,504.792342123
129,504.792342123
130,504.792342123
131,504.792342123
132,504.792342123
133,504.792342123
134,504.792342123
135,504.792342123
136,504.792342123
137,504.792342123
138,504.792342123
139,504.792342123
140,504.792342123
141,504.792342123
142,504.792342123
143,504.792342123
144,504.792342123
145,504.792342123
146,504.792342123
147,504.792342123
148,504.792342123
149,504.792342123
150,504.792342123
151,504.792342123
152,504.792342123
153,504.792342123
154,504.792342123
155,504.792342123
156,504.792342123
157,504.792342123
158,504.792342123
159,504.792342123
160,504.792342123
161,504.792342123
162,504.792342123
163,504.792342123
164,504.792342123
165,504.792342123
166,504.792342123
167,504.792342123
168,504.792342123
169,504.792342123
170,504.792342123
171,504.792342123
172,504.792342123
173,504.792342123
174,504.792342123
175,504.792342123
176,504.792342123
177,504.792342123
178,504.792342123
179,504.792342123
180,504.792342123
181,504.792342123
182,504.792342123
183,504.792342123
184,504.792342123
185,504.792342123
186,504.792342123
187,504.792342123
188,504.792342123
189,504.792342123
190,504.792342123
191,504.792342123
192,504.792342123
193,504.792342123
194,504.792342123
195,504.792342123
196,504.792342123
197,504.792342123
198,504.792342123
199,504.792342123
200,504.792342123
201,504.792342123
202,504.792342123
203,504.792342123
204,504.792342123
205,504.792342123
206,504.792342123
207,504.792342123
208,504.792342123
209,504.792342123
210,504.792342123
211,504.792342123
212,504.792342123
213,504.792342123
214,504.792342123
215,504.792342123
216,504.792342123
217,504.792342123
218,504.792342123
219,504.792342123
220,504.792342123
221,504.792342123
222,504.792342123
223,504.792342123
224,504.792342123
225,504.792342123
226,504.792342123
227,504.792342123
228,504.792342123
229,504.792342123
230,504.792342123
231,504.792342123
232,504.792342123
233,504.792342123
234,504.792342123
235,504.792342123
236,504.792342123
237,504.792342123
238,504.792342123
239,504.792342123
240,504.792342123
241,504.792342123
242,504.792342123
243,504.792342123
244,504.792342123
245,504.792342123
246,504.792342123
247,504.792342123
248,504.792342123
249,504.792342123
250,504.792342123
251,504.792342123
252,504.792342123
253,504.792342123
254,504.792342123
255,504.792342123
256,504.792342123
257,504.792342123
258,504.792342123
259,504.792342123
260,504.792342123
261,504.792342123
262,504.792342123
263,504.792342123
264,504.792342123
265,504.792342123
266,504.792342123
267,504.792342123
268,504.792342123
269,504.792342123
270,504.792342123
271,504.792342123
272,504.792342123
273,504.792342123
274,504.792342123
275,504.792342123
276,504.792342123
277,504.792342123
278,504.792342123
279,504.792342123
280,504.792342123
281,504.792342123
282,504.792342123
283,504.792342123
284,504.792342123
285,504.792342123
286,504.792342123
287,504.792342123
288,504.792342123
289,504.792342123
290,504.792342123
291,504.792342123
292,504.792342123
293,504.792342123
294,504.792342123
295,504.792342123
296,504.792342123
297,504.792342123
298,504.792342123
299,504.792342123
300,504.792342123
301,504.792342123
302,504.792342123
303,504.792342123
304,504.792342123
305,504.792342123
306,504.792342123
307,504.792342123
308,504.792342123
309,504.792342123
310,504.792342123
311,504.792342123
312,504.792342123
313,504.792342123
314,504.792342123
315,504.792342123
316,504.792342123
317,504.792342123
318,504.792342123
319,504.792342123
320,504.792342123
321,504.792342123
322,504.792342123
323,504.792342123
324,504.792342123
325,504.792342123
326,504.792342123
327,504.792342123
328,504.792342123
329,504.792342123
330,504.792342123
331,504.792342123
332,504.792342123
333,504.792342123
334,504.792342123
335,504.792342123
336,504.792342123
337,504.792342123
338,504.792342123
339,504.792342123
340,504.792342123
341,504.792342123
342,504.792342123
343,504.792342123
344,504.792342123
345,504.792342123
346,504.792342123
347,504.792342123
348,504.792342123
349,504.792342123
350,504.792342123
351,504.792342123
352,504.792342123
353,504.792342123
354,504.792342123
355,504.792342123
356,504.792342123
357,504.792342123
358,504.792342123
359,504.792342123
360,504.792342123
361,504.792342123
362,504.792342123
363,504.792342123
364,504.792342123
365,504.792342123
366,504.792342123
367,504.792342123
368,504.792342123
369,504.792342123
370,504.792342123
371,504.792342123
372,504.792342123
373,504.792342123
374,504.792342123
375,504.792342123
376,504.792342123
377,504.792342123
378,504.792342123
379,504.792342123
380,504.792342123
381,504.792342123
382,504.792342123
383,504.792342123
384,504.792342123
385,504.792342123
386,504.792342123
387,504.792342123
388,504.792342123
389,504.792342123
390,504.792342123
391,504.792342123
392,504.792342123
393,504.792342123
394,504.792342123
395,504.792342123
396,504.792342123
397,504.792342123
398,504.792342123
399,504.792342123
400,504.792342123
401,504.792342123
402,504.792342123
403,504.792342123
404,504.792342123
405,504.792342123
406,504.792342123
407,504.792342123
408,504.792342123
409,504.792342123
410,504.792342123
411,504.792342123
412,504.792342123
413,504.792342123
414,504.792342123
415,504.792342123
416,504.792342123
417,504.792342123
418,504.792342123
419,504.792342123
420,504.792342123
421,504.792342123
422,504.792342123
423,504.792342123
424,504.792342123
425,504.792342123
426,504.792342123
427,504.792342123
428,504.792342123
429,504.792342123
430,504.792342123
431,504.792342123
432,504.792342123
433,504.792342123
434,504.792342123
435,504.792342123
436,504.792342123
437,504.792342123
438,504.792342123
439,504.792342123
440,504.792342123
441,504.792342123
442,504.792342123
443,504.792342123
444,504.792342123
445,504.792342123
446,504.792342123
447,504.792342123
448,504.792342123
449,504.792342123
450,504.792342123
451,504.792342123
452,504.792342123
453,504.792342123
454,504.792342123
455,504.792342123
456,504.792342123
457,504.792342123
458,504.792342123
459,504.792342123
460,504.792342123
461,504.792342123
462,504.792342123
463,504.792342123
464,504.792342123
465,504.792342123
466,504.792342123
467,504.792342123
468,504.792342123
469,504.792342123
470,504.792342123
471,504.792342123
472,504.792342123
473,504.792342123
474,504.792342123
475,504.792342123
476,504.792342123
477,504.792342123
478,504.792342123
479,504.792342123
480,504.792342123
481,504.792342123
482,504.792342123
483,504.792342123
484,504.792342123
485,504.792342123
486,504.792342123
487,504.792342123
488,504.792342123
489,504.792342123
490,504.792342123
491,504.792342123
492,504.792342123
493,504.792342123
494,504.792342123
495,504.792342123
496,504.792342123
497,504.792342123
498,504.792342123
499,504.792342123
500,504.792342123
501,504.792342123
502,504.792342123
503,504.792342123
504,504.792342123
505,504.792342123
506,504.792342123
507,504.792342123
508,504.792342123
509,504.792342123
510,504.792342123
511,504.792342123
512,504.792342123
513,504.792342123
514,504.792342123
515,504.792342123
516,504.792342123
517,504.792342123
518,504.792342123
519,504.792342123
520,504.792342123
521,504.792342123
522,504.792342123
523,504.792342123
524,504.792342123
525,504.792342123
526,504.792342123
527,504.792342123
528,504.792342123
529,504.792342123
530,504.792342123
531,504.792342123
532,504.792342123
533,504.792342123
534,504.792342123
535,504.792342123
536,504.792342123
537,504.792342123
538,504.792342123
539,504.792342123
540,504.792342123
541,504.792342123
542,504.792342123
543,504.792342123
544,504.792342123
545,504.792342123
546,504.792342123
547,504.792342123
548,504.792342123
549,504.792342123
550,504.792342123
551,504.792342123
552,504.792342123
553,504.792342123
554,504.792342123
555,504.792342123
556,504.792342123
557,504.792342123
558,504.792342123
559,504.792342123
560,504.792342123
561,504.792342123
562,504.792342123
563,504.792342123
564,504.792342123
565,504.792342123
566,504.792342123
567,504.792342123
568,504.792342123
569,504.792342123
570,504.792342123
571,504.792342123
572,504.792342123
573,504.792342123
574,504.792342123
575,504.792342123
576,504.792342123
577,504.792342123
578,504.792342123
579,504.792342123
580,504.792342123
581,504.792342123
582,504.792342123
583,504.792342123
584,504.792342123
585,504.792342123
586,504.792342123
587,504.792342123
588,504.792342123
589,504.792342123
590,504.792342123
591,504.792342123
592,504.792342123
593,504.792342123
594,504.792342123
595,504.792342123
596,504.792342123
597,504.792342123
598,504.792342123
599,504.792342123
600,504.792342123
601,504.792342123
602,504.792342123
603,504.792342123
604,504.792342123
605,504.792342123
606,504.792342123
607,504.792342123
608,504.792342123
609,504.792342123
610,504.792342123
611,504.792342123
612,504.792342123
613,504.792342123
614,504.792342123
615,504.792342123
616,504.792342123
617,504.792342123
618,504.792342123
619,504.792342123
620,504.792342123
621,504.792342123
622,504.792342123
623,504.792342123
624,504.792342123
625,504.792342123
626,504.792342123
627,504.792342123
628,504.792342123
629,504.792342123
630,504.792342123
631,504.792342123
632,504.792342123
633,504.792342123
634,504.792342123
635,504.792342123
636,504.792342123
637,504.792342123
638,504.792342123
639,504.792342123
640,504.792342123
641,504.792342123
642,504.792342123
643,504.792342123
644,504.792342123
645,504.792342123
646,504.792342123
647,504.792342123
648,504.792342123
649,504.792342123
650,504.792342123
651,504.792342123
652,504.792342123
653,504.792342123
654,504.792342123
655,504.792342123
656,504.792342123
657,504.792342123
658,504.792342123
659,504.792342123
660,504.792342123
661,504.792342123
662,504.792342123
663,504.792342123
664,504.792342123
665,504.792342123
666,504.792342123
667,504.792342123
668,504.792342123
669,504.792342123
670,504.792342123
671,504.792342123
672,504.792342123
673,504.792342123
674,504.792342123
675,504.792342123
676,504.792342123
677,504.792342123
678,504.792342123
679,504.792342123
680,504.792342123
681,504.792342123
682,504.792342123
683,504.792342123
684,504.792342123
685,504.792342123
686,504.792342123
687,504.792342123
688,504.792342123
689,504.792342123
690,504.792342123
691,504.792342123
692,504.792342123
693,504.792342123
694,504.792342123
695,504.792342123
696,504.792342123
697,504.792342123
698,504.792342123
699,504.792342123
700,504.792342123
701,504.792342123
702,504.792342123
703,504.792342123
704,504.792342123
705,504.792342123
706,504.792342123
707,504.792342123
708,504.792342123
709,504.792342123
710,504.792342123
711,504.792342123
712,504.792342123
713,504.792342123
714,504.792342123
715,504.792342123
716,504.792342123
717,504.792342123
718,504.792342123
719,504.792342123
720,504.792342123
721,504.792342123
722,504.792342123
723,504.792342123
724,504.792342123
725,504.792342123
726,504.792342123
727,504.792342123
728,504.792342123
729,504.792342123
730,504.792342123
731,504.792342123
732,504.792342123
733,504.792342123
734,504.792342123
735,504.792342123
736,504.792342123
737,504.792342123
738,504.792342123
739,504.792342123
740,504.792342123
741,504.792342123
742,504.792342123
743,504.792342123
744,504.792342123
745,504.792342123
746,504.792342123
747,504.792342123
748,504.792342123
749,504.792342123
750,504.792342123
751,504.792342123
752,504.792342123
753,504.792342123
754,504.792342123
755,504.792342123
756,504.792342123
757,504.792342123
758,504.792342123
759,504.792342123
760,504.792342123
761,504.792342123
762,504.792342123
763,504.792342123
764,504.792342123
765,504.792342123
766,504.792342123
767,504.792342123
768,504.792342123
769,504.792342123
770,504.792342123
771,504.792342123
772,504.792342123
773,504.792342123
774,504.792342123
775,504.792342123
776,504.792342123
777,504.792342123
778,504.792342123
779,504.792342123
780,504.792342123
781,504.792342123
782,504.792342123
783,504.792342123
784,504.792342123
785,504.792342123
786,504.792342123
787,504.792342123
788,504.792342123
789,504.792342123
790,504.792342123
791,504.792342123
792,504.792342123
793,504.792342123
794,504.792342123
795,504.792342123
796,504.792342123
797,504.792342123
798,504.792342123
799,504.792342123
800,504.792342123
801,504.792342123
802,504.792342123
803,504.792342123
804,504.792342123
805,504.792342123
806,504.792342123
807,504.792342123
808,504.792342123
809,504.792342123
810,504.792342123
811,504.792342123
812,504.792342123
813,504.792342123
814,504.792342123
815,504.792342123
816,504.792342123
817,504.792342123
818,504.792342123
819,504.792342123
820,504.792342123
821,504.792342123
822,504.792342123
823,504.792342123
824,504.792342123
825,504.792342123
826,504.792342123
827,504.792342123
828,504.792342123
829,504.792342123
830,504.792342123
831,504.792342123
832,504.792342123
833,504.792342123
834,504.792342123
835,504.792342123
836,504.792342123
837,504.792342123
838,504.792342123
839,504.792342123
840,504.792342123
841,504.792342123
842,504.792342123
843,504.792342123
844,504.792342123
845,504.792342123
846,504.792342123
847,504.792342123
848,504.792342123
849,504.792342123
850,504.792342123
851,504.792342123
852,504.792342123
853,504.792342123
854,504.792342123
855,504.792342123
856,504.792342123
857,504.792342123
858,504.792342123
859,504.792342123
860,504.792342123
861,504.792342123
862,504.792342123
863,504.792342123
864,504.792342123
865,504.792342123
866,504.792342123
867,504.792342123
868,504.792342123
869,504.792342123
870,504.792342123
871,504.792342123
872,504.792342123
873,504.792342123
874,504.792342123
875,504.792342123
876,504.792342123
877,504.792342123
878,504.792342123
879,504.792342123
880,504.792342123
881,504.792342123
882,504.792342123
883,504.792342123
884,504.792342123
885,504.792342123
886,504.792342123
887,504.792342123
888,504.792342123
889,504.792342123
890,504.792342123
891,504.792342123
892,504.792342123
893,504.792342123
894,504.792342123
895,504.792342123
896,504.792342123
897,504.792342123
898,504.792342123
899,504.792342123
900,504.792342123
901,504.792342123
902,504.792342123
903,504.792342123
904,504.792342123
905,504.792342123
906,504.792342123
907,504.792342123
908,504.792342123
909,504.792342123
910,504.792342123
911,504.792342123
912,504.792342123
913,504.792342123
914,504.792342123
915,504.792342123
916,504.792342123
917,504.792342123
918,504.792342123
919,504.792342123
920,504.792342123
921,504.792342123
922,504.792342123
923,504.792342123
924,504.792342123
925,504.792342123
926,504.792342123
927,504.792342123
928,504.792342123
929,504.792342123
930,504.792342123
931,504.792342123
932,504.792342123
933,504.792342123
934,504.792342123
935,504.792342123
936,504.792342123
937,504.792342123
938,504.792342123
939,504.792342123
940,504.792342123
941,504.792342123
942,504.792342123
943,504.792342123
944,504.792342123
945,504.792342123
946,504.792342123
947,504.792342123
948,504.792342123
949,504.792342123
950,504.792342123
951,504.792342123
952,504.792342123
953,504.792342123
954,504.792342123
955,504.792342123
956,504.792342123
957,504.792342123
958,504.792342123
959,504.792342123
960,504.792342123
961,504.792342123
962,504.792342123
963,504.792342123
964,504.792342123
965,504.792342123
966,504.792342123
967,504.792342123
968,504.792342123
969,504.792342123
970,504.792342123
971,504.792342123
972,504.792342123
973,504.792342123
974,504.792342123
975,504.792342123
976,504.792342123
977,504.792342123
978,504.792342123
979,504.792342123
980,504.792342123
981,504.792342123
982,504.792342123
983,504.792342123
984,504.792342123
985,504.792342123
986,504.792342123
987,504.792342123
988,504.792342123
989,504.792342123
990,504.792342123
991,504.792342123
992,504.792342123
993,504.792342123
994,504.792342123
995,504.792342123
996,504.792342123
997,504.792342123
998,504.792342123
999,504.792342123
