Wyniki testu o kryptonimie: e34
Maszyny:
Maszyna id=0
Czas trwania kolejnych operacji: 36,81449389 55,09912625 63,4156471 90,20293635 93,44153031 26,54662245 24,79454192 7,850277452 21,62845859 9,659758231 79,70875068 16,38885996 47,99861124 9,17063634 81,70323425 54,27203628 10,72695062 6,559334019 6,463430744 25,29969438
Czas trwania dostosowania maszyny z jednej operacji na drugą:
 4,473211176 9,404274845 6,953481587 1,81909036 4,4925844 2,230881937 1,407253416 2,208622451 7,453617533 6,108075039 9,401628759 5,423780027 6,228569638 6,578879998 6,459861619 6,298975672 4,980352004 0,602052048 4,40818881 9,786320201
 1,027837869 7,867206323 7,985101316 3,286268236 6,524579135 7,375564041 3,616805173 2,643579571 6,784309017 7,947266723 5,266692941 3,974770256 9,425300301 6,547115881 5,614429159 7,51591956 0,522376898 2,36745225 5,157683302 5,722052935
 9,722015651 8,146503775 8,936313709 2,17154317 6,627950002 6,341309556 9,449314963 1,641344971 6,160101186 0,162808451 4,4592208 1,90451347 5,418386952 9,441728721 6,539055745 8,260467294 4,541226022 7,949429263 6,415409588 6,718151433
 3,217450475 1,297900992 7,169863361 0,322493029 1,091836171 9,928879988 4,311397507 5,44754524 0,521009071 1,467334384 5,049319681 0,733287028 4,246033178 9,623986771 8,170510309 9,846200531 0,212416536 6,57687145 9,841455726 3,522623326
 6,191765378 0,008073656 4,955798847 7,100966651 2,083268593 4,117256252 2,76521193 3,034690443 3,083414307 3,702614824 3,715977061 9,243007436 1,996972313 9,061594224 7,979310705 2,294876877 0,13428442 3,890795109 0,077736791 2,250848633
 1,476887722 1,522518048 5,442277579 3,559050448 0,079960539 0,769436196 2,164912588 4,184304201 6,604350073 6,957681487 2,135047332 2,723647729 7,507594434 3,389980144 8,039552603 3,446121117 1,084160677 8,29056741 7,929175593 8,17960951
 3,325915052 8,877594934 0,804379643 9,057162598 5,519800168 4,152816199 7,072021564 9,55336153 1,41061739 2,843262044 0,157365282 7,98727435 5,392002162 6,758482983 4,391377603 8,765028565 8,527373512 2,879844537 5,153332893 4,006842981
 9,339412055 6,529397327 7,929780849 9,93961404 5,234800761 8,00148908 1,828871811 6,891457636 4,194428952 3,416715048 4,526253072 3,773085442 8,193240613 9,818177603 9,215506603 0,039029637 8,166115655 4,053195688 4,350003037 2,958489816
 2,748956069 4,681399789 3,039831447 1,920910968 0,938041593 3,154739247 2,075339659 2,103885566 5,707302039 4,269326547 9,506247829 1,344049641 0,483904561 8,019416105 4,651597063 4,595910588 5,244114106 1,525568547 6,034559466 9,846425419
 6,358479413 5,817765356 9,886241274 2,889130133 5,179586252 5,345189239 8,417868341 6,39758447 6,44795347 3,275853151 5,681911151 3,172512287 6,794183005 0,658076953 1,056378626 3,887436188 5,361786542 8,782846144 7,410761612 9,635586688
 3,901847045 3,236900405 9,821825544 2,798701477 3,155428115 2,520451029 5,074686144 3,034883527 8,172603154 0,057780335 7,191169144 8,4288672 5,421476477 5,517710881 0,595420919 7,056180724 5,230131451 5,521374398 0,929306603 0,125175956
 4,832689589 9,554223209 5,403881656 2,351068086 1,777595515 4,918417121 6,188171321 7,993519177 5,348255478 0,468679505 0,951899623 8,192566412 1,555328553 1,113903966 6,926165133 7,710483373 4,269625801 2,674402831 4,420716339 2,077940274
 8,19481897 2,119377849 3,04650448 8,118498086 9,965303356 4,08852368 7,8120203 6,769347484 9,408326555 4,640646503 2,122269441 1,141943603 2,944490752 5,264765724 1,799450846 8,843939272 2,438479545 8,716389515 4,208730673 9,602580786
 7,34102299 9,87002217 9,637204157 3,080730831 9,992340859 4,245278342 4,582506975 2,410430715 9,703007154 4,516581175 3,611821499 7,337164407 7,540544217 0,621307059 3,029347793 7,824603307 3,125863067 8,539011169 9,353742242 9,329887219
 1,83574184 3,090017273 6,643012073 1,984927823 3,755501245 5,908989751 0,348517848 4,029780993 5,804566567 8,726837499 1,84439847 7,116044176 4,062576849 2,153632376 4,10352202 5,848264937 6,321603102 1,371371413 1,199606099 8,191583273
 0,719248936 4,953028325 7,75196405 6,645864402 5,589019867 4,617836503 5,84198395 1,791980233 1,600637517 0,628742056 1,854197528 7,193132926 8,130288012 6,737278675 4,60631893 9,834983772 0,823656214 9,62469328 0,738430301 3,866109259
 7,304758151 5,970714905 9,197667693 7,481301202 8,784803839 3,958205291 1,882934195 5,368588079 3,816283669 2,97554523 9,430360637 8,7488967 8,649263759 0,377077307 5,427935436 6,040635083 1,113467038 3,937684001 3,462164913 6,24954197
 5,76644558 5,694836141 5,255979995 0,213300369 1,17555212 3,851516252 5,665677719 7,168922077 5,656549764 1,946452853 6,320137825 0,241978456 6,801055363 7,458468071 4,878515226 3,264469341 5,373139863 9,553934066 6,637859892 7,394499844
 9,894265223 4,195539849 7,503069763 5,208938735 4,022710525 8,150967914 9,175142577 5,691634642 7,304602231 8,111645083 0,898601604 1,813472787 3,092928013 9,130318432 2,563460834 7,431646292 9,521477028 0,545783734 8,344883146 2,050416512
 3,625078048 2,043239709 5,234347068 4,239193419 3,892604395 1,053342726 4,116479261 0,195559098 3,875663891 3,328675654 2,742211645 6,093537681 9,902711464 1,671869923 0,351774155 7,694311971 1,561865296 8,351144955 6,697223592 4,776892835
Maszyna id=1
Czas trwania kolejnych operacji: 77,43485277 4,270748027 41,60311186 99,29588382 48,53778687 15,683363 31,07125248 74,55750622 63,93137012 34,39313359 37,32642579 42,13239635 53,40898559 22,30092538 72,24574091 92,57832714 88,79632131 26,77684159 52,06276197 56,69566543
Czas trwania dostosowania maszyny z jednej operacji na drugą:
 8,088541569 4,352546308 3,552311142 5,780966983 0,775490801 5,698441499 0,804880452 1,582821957 2,596849666 9,884948264 6,134602425 6,041224672 2,352604403 0,490198432 8,853424563 9,694066174 0,926836417 6,700863021 8,534196151 1,740990725
 1,296369964 2,307857796 4,062256249 3,312744486 5,307920339 2,430516463 4,4579825 2,196434683 8,366736065 9,162505468 9,612550683 4,10848549 8,212568757 5,713779799 6,290312173 4,168865767 3,101700811 7,28853643 5,466371235 1,84775617
 6,181900963 4,532997663 6,107165844 3,706778841 8,385697001 3,390452445 6,354564965 8,49633002 5,498324231 6,116589453 0,671815347 0,680443415 1,053816102 4,7304609 1,767061225 3,121156121 6,143279915 7,911769344 2,240126698 1,869058326
 3,923161614 9,43664081 3,607450187 7,671231383 9,805521881 7,965692818 7,754949042 0,770069093 3,505831704 7,923364813 9,80138862 2,101302046 9,018253421 3,540367485 7,489987622 5,045415931 6,526353187 3,874916372 3,680747426 9,07243035
 2,143985347 3,575919231 3,33820005 1,765374298 4,093740956 4,128678424 0,20933231 2,281558492 9,513733016 7,974413299 9,121228959 1,777451737 9,694265194 3,087600449 0,90220717 2,33743551 9,731309171 9,001869351 0,742322454 0,63711933
 5,078384891 2,753759212 2,636648582 7,507269256 7,224837617 3,46808469 0,127312665 2,324114571 9,251155472 7,998006951 0,34571378 4,212528103 4,655551471 5,978861928 7,472278393 4,482704524 5,590389084 4,756718609 1,987217688 5,463738488
 5,007331294 5,498766841 1,292751908 5,77489848 1,909636551 2,443818947 8,251806956 6,305917064 0,290011571 0,350400909 7,521590469 8,908806227 3,040644068 5,804652672 9,868053654 0,852603936 4,036696943 2,007628452 8,007001885 3,598267785
 9,262054826 6,742776733 3,697641875 9,255804601 9,27671518 7,864359608 8,40926048 3,924771886 8,619142446 4,709053931 2,415266453 9,722692462 1,879327552 4,018454802 3,834615294 4,121218786 8,936796216 2,725710787 8,648564912 4,630600602
 9,17895208 0,736912336 5,107159842 1,06147309 1,245633747 5,398003831 0,367281669 1,150859983 5,542246625 8,338033693 0,333084174 6,162159604 6,213515282 7,148134412 5,864884371 7,422801131 1,146764976 9,054396131 4,442461674 3,719833989
 0,275118336 3,991128992 0,167683426 6,580442869 9,484006368 5,843169722 1,772470373 5,764570406 9,646453501 4,900967028 6,733192564 0,702157383 8,975137863 9,972595721 4,674721711 8,891192452 1,401382261 4,55365484 4,068936591 0,466872119
 3,306426186 7,268121291 2,329679342 0,858124665 7,93558731 1,581370745 8,519912188 4,062368987 8,422221674 1,578355223 8,962570158 2,349981562 7,353205985 5,310444732 1,929612938 7,039148502 9,923834093 7,704267778 0,628080222 1,283522208
 4,41962913 5,468891788 0,313710055 3,757935193 0,610232132 4,62679036 3,895008549 7,419591119 6,086395173 8,484673554 6,418493187 6,617018428 6,762885728 3,520209719 4,389712794 8,057958541 5,489535051 4,634928652 0,522939225 0,328911422
 5,283679109 7,838943905 4,99251635 1,026151187 7,024159089 5,718720081 0,612605052 8,065033242 0,921448399 9,304276706 4,356288356 6,291122242 1,260525277 3,655666805 9,084787045 4,234140939 7,859059055 7,52259754 5,299685545 8,356487135
 7,087848836 3,649484917 5,484495817 6,409272646 4,058856503 0,438962233 2,698060085 1,686101594 3,26753729 9,100240967 8,061494032 2,883738339 1,109206688 4,702719452 9,112475139 4,429308549 6,923279376 7,262218153 5,000304367 8,8907999
 2,672138433 2,794383826 0,849004728 2,302423137 4,994562509 1,890057406 3,097612792 5,162244064 0,58428254 0,331192336 4,957354942 3,370686874 9,013889538 9,034708933 1,128459418 6,089755269 6,600794649 9,532394739 1,520900345 5,784835756
 8,911476778 0,541668157 4,075786809 7,202953443 5,46466734 5,654215193 0,079269933 7,548748607 4,175265539 4,834984068 6,975614023 0,991803508 5,959073125 8,033847867 4,907481419 3,083020336 5,272568143 8,472893266 2,72384796 0,331178668
 6,827574496 5,290612144 0,587175932 3,53618245 4,730205212 2,641710292 5,840494616 0,539598554 2,254664109 6,897659854 2,548012564 7,493051267 1,886906055 5,804612706 3,908613975 8,082644833 2,636154299 5,322115731 8,687828159 0,24549018
 1,813801244 5,6448766 9,445538433 7,863807934 3,385382064 6,955391637 9,722785219 4,392868484 1,07316337 5,121237763 1,706068797 8,21545394 6,176458863 2,039585674 3,676469532 8,905380587 2,924634338 3,187170811 3,471600407 1,246925879
 1,280324634 8,631140448 6,325831561 8,427896008 1,564203456 5,391885301 2,781245591 4,861795421 4,151347876 6,231200565 5,895872409 2,812527934 6,862294501 6,107234814 0,870848501 2,854275563 2,330734486 9,860574431 0,997446542 3,492531784
 6,146829919 8,460575297 9,385951753 6,107221985 2,764318446 7,577291648 1,880966661 4,198342613 5,79845888 5,275387613 9,680303283 9,487407041 7,273097408 1,435276816 3,293563394 7,199809137 5,554918093 1,888746654 9,901717239 1,227358771
Maszyna id=2
Czas trwania kolejnych operacji: 29,81559252 30,52875016 65,8307855 90,64817452 81,56945507 96,35564948 16,44043828 93,48266406 50,79687738 12,39759598 36,16667621 91,8583142 8,158261453 76,18192413 8,660014574 65,41309152 13,48534594 88,87423748 44,05714244 27,16448184
Czas trwania dostosowania maszyny z jednej operacji na drugą:
 3,423511746 3,06667201 2,042321054 7,74237288 5,843028382 6,045189679 1,76951417 3,771421856 2,763793382 4,652831525 0,693305641 1,267163395 0,914573373 8,99527439 6,498048781 8,192472927 5,044747456 3,784312038 1,85499994 9,806896278
 0,815789556 1,950782531 1,345780163 4,656512128 1,854702252 1,258672436 1,997715286 2,428720341 8,829758427 8,970751117 2,439036784 7,343841558 2,573800049 1,70202762 9,036506638 5,541025522 5,363955601 9,324865498 2,181701315 1,724540893
 8,485046705 8,785210838 3,323837333 3,464006418 9,401350224 4,419642931 3,27621086 2,417636463 4,91176596 0,579112673 3,398352216 2,99375715 2,143659672 9,467580332 2,087355667 7,822275478 1,509467656 9,392615424 0,006759068 4,992882262
 5,170691917 4,584121006 8,620089419 4,238379303 8,822772438 5,960677945 7,569383777 2,695730402 7,677107715 0,366030374 4,921556461 9,920768194 0,060009158 1,818099768 7,848923128 9,329088928 8,476164299 0,916270195 6,960913885 3,082096364
 8,25518474 7,459524387 4,210017932 0,617381665 4,525173039 8,662111866 2,099793636 9,479042254 6,422451999 2,313070528 5,193100048 6,983535602 3,959889384 9,861972239 5,806681469 3,384517059 2,135259623 3,069693417 0,585833574 0,975649154
 6,962114517 9,091064982 7,058678089 7,043321571 7,512813734 3,651951702 4,450662555 0,723212104 7,192112601 7,903330969 3,346593896 4,680257663 1,520913242 7,588619915 1,265871607 9,624063277 2,733836778 8,395117032 1,744926336 9,429324229
 1,26238873 1,816395179 1,704637942 4,383206454 3,167518596 8,358876626 7,19455142 2,233624218 8,537324013 8,406128764 5,637425095 8,340907894 8,754156196 1,65324E-05 1,888349864 9,887679733 4,093322212 0,391665754 1,358522833 9,641985317
 4,643423423 3,217043773 1,033040953 6,753961105 8,689599602 1,281288837 1,321649825 2,708499267 8,492171926 9,684023016 5,946140272 5,831129432 6,040353268 5,593305614 0,154236831 9,597466191 6,385280439 5,911221937 4,191494161 6,245668471
 5,488252466 1,58900102 8,710058682 7,987339322 3,726559414 7,243793802 4,935555064 5,271056169 2,017844486 3,55555048 3,31584458 7,3647645 1,249151581 8,327212069 0,485062222 0,044471834 6,094473318 5,400944744 9,765222187 7,768670706
 3,318094638 6,86555966 7,28597429 4,49166876 0,116279091 6,320524695 2,453177837 4,260035425 7,549418789 2,245795793 6,754172221 5,330726646 7,925302856 4,30512494 8,471083992 3,723084299 1,725534687 7,704418458 5,003230228 2,922481546
 8,254665893 8,769788282 5,105083447 9,784076239 0,853012608 2,415151625 7,101517596 0,011150796 2,225141848 0,889182148 7,415892948 0,411222821 6,02310053 1,662370722 8,463188706 9,420134404 7,192479113 8,225790205 9,251806878 2,016811405
 7,320740283 1,274014613 7,655429271 7,193487114 5,98984865 6,909333505 1,615262384 7,543544902 5,038327382 5,532809431 8,323644479 0,462808522 1,461041349 3,058309067 3,184647558 0,016864561 1,037171647 1,909915926 0,774514856 9,733771475
 6,183972018 2,796399947 8,544914479 0,242976444 5,412735668 8,88081623 0,267822245 3,43116506 9,401831095 8,567949138 4,267767923 1,991984572 3,822557009 7,949528673 6,574159254 3,311448055 2,404890161 8,694504766 6,993190734 3,082636456
 6,509847517 5,169089976 1,439590129 7,247232343 4,525158556 5,73669732 2,488844615 9,428176754 8,97477633 6,322225295 2,085927903 3,144632192 5,074465545 8,16834283 3,46746635 7,784587617 1,698286687 2,00631559 1,574742802 9,75094214
 4,492172308 2,117611718 9,314450512 5,762096396 2,01008118 7,689995591 8,20850416 0,081001979 3,398272898 7,115457762 0,013416019 4,981883442 7,614531711 8,887611423 3,380326759 8,976437601 7,5680859 8,206349534 6,206086215 4,611848036
 7,657070188 0,143608819 3,394175614 2,197793393 8,450480073 5,672713359 3,492526578 8,276793312 8,672307439 4,073636933 6,756011533 7,719446253 1,128144367 7,710125365 5,464571654 8,844515601 4,666643372 9,425110339 5,465337415 7,79969466
 2,856851571 1,737985108 4,128460859 0,068725527 6,761305363 9,100596743 9,632102149 0,898171553 6,422549615 6,631564112 4,322635196 7,440665389 6,81807075 5,817416991 4,986449735 9,313338846 2,607831366 0,668252502 6,924152326 3,261255125
 5,407325488 8,456066824 7,325622981 8,447777899 0,707792892 6,539982469 8,173500076 1,072589864 4,944118169 4,910825674 2,750321113 2,142106435 9,762689027 3,819068097 5,483492468 8,503686823 2,864933214 0,47129656 9,976123065 2,162522925
 8,329412481 4,622789726 6,051064921 3,825599892 4,16296955 5,996378551 6,208605489 0,539584423 6,301420183 3,561801472 5,584978987 7,368471554 6,797298731 2,590241253 8,734942291 6,38911692 9,216200803 4,690853236 1,834039592 9,270190901
 3,158991642 4,286032588 7,479246776 5,140039362 7,041767359 2,045806861 0,416315328 9,04003955 6,602057594 8,067741622 3,919788867 3,569400931 4,903066676 1,660069827 8,861048382 3,047757126 8,931256526 6,310892391 3,568844045 3,180278733
Maszyna id=3
Czas trwania kolejnych operacji: 73,44175045 74,73188465 93,03531515 97,12377025 82,75492977 22,55031692 39,04685082 76,12577758 38,54164446 25,41745019 19,26117128 76,26631678 62,58644918 78,88297608 54,49341288 21,08019984 59,26863171 62,12474799 50,96462176 68,08618076
Czas trwania dostosowania maszyny z jednej operacji na drugą:
 0 7,399689086 3,420166556 4,066435449 5,443307189 3,445967198 9,170636903 4,263227977 4,818827122 6,444911231 6,554387213 5,149251969 7,234951441 0,836807071 0,251524792 7,959704841 9,065789735 0,906919551 2,718839991 6,77918331
 8,554305974 6,059060199 1,162124168 3,166208949 1,966661889 9,03777769 6,219506359 3,461816352 7,022666587 0,135869559 6,01895755 1,261472852 2,841535716 2,330822439 2,185976046 7,890524615 2,744148061 5,874206941 7,245807802 4,109509177
 9,540625492 2,917517842 4,423365642 6,608737646 1,942993848 8,190870564 8,886562368 1,11745465 0,280910986 6,552550247 0,979318328 7,162517702 9,599681527 9,818723134 9,748088508 7,687607319 2,5713048 2,037527485 9,917423587 4,161233478
 1,281536553 6,215593684 4,331258285 7,916588294 7,547221051 6,849879024 4,775529023 7,344496437 9,222923426 6,574509056 1,020248089 2,196361004 4,889496321 1,548468906 8,323735277 1,441029669 5,062990186 8,265614892 6,588701079 6,285660093
 2,170387698 4,674767098 4,412075962 4,066409185 8,977228763 9,284722511 4,114794416 7,09508665 6,752282576 5,892058376 3,066972153 7,32532371 3,440578346 2,070860793 6,534427389 0,417558971 3,262404528 3,143931018 5,38886905 3,667606208
 1,804875293 5,105273378 1,161990453 2,846009819 1,182738632 6,301019194 8,360944036 8,995532729 9,232860254 0,058981687 4,878146824 1,285418362 2,241782151 0,052313213 1,785074853 2,791772294 1,345341439 3,902297242 6,575343912 6,804253446
 7,558878053 4,022364819 7,407848691 1,942346273 6,925335999 1,392329625 7,177234693 5,370986328 1,060463119 4,810924479 4,985401197 6,689492618 4,344464258 2,176932481 7,979793703 1,602411422 2,851485621 9,043039091 0,486197818 2,315216261
 3,211764894 8,582327489 4,674511968 8,00333339 0,178749276 2,337015376 6,697168031 6,791540784 0,775118273 2,777441855 5,288625666 0,721076971 3,880905572 1,472541592 1,14015005 5,798827115 0,488127675 0,854597537 7,34140896 3,459511199
 9,773595417 7,571856173 1,894704791 2,360572783 7,578460855 7,740443204 0,041730525 5,582689166 9,298505148 8,943241829 0,40021456 0,726867114 0,24346292 0,54598214 9,267934814 9,936535121 9,968734001 9,382900026 8,03595266 1,611656692
 7,478222452 1,76880278 4,466114438 2,53415257 5,485832886 1,250770805 8,328041321 1,005707763 5,160027874 4,996322619 8,004952117 4,780986758 8,815979609 6,932924188 4,731092147 5,750844109 3,516610472 6,319529006 7,16078574 9,148291617
 4,170740499 9,769048599 9,002836101 7,787009142 7,744619397 8,545682918 7,465316101 2,272260549 2,069993004 6,978711016 8,014546535 7,701200131 7,99414059 1,572695779 3,971439734 8,578320394 5,746104987 3,958458292 1,516308294 3,943283253
 8,366205566 1,52336636 1,178234868 7,591291604 0,361748745 6,706202338 8,64015146 2,870663986 2,095750468 6,707313992 3,939068591 5,057365454 1,638259573 0,051264719 7,756839484 9,442406089 4,016782025 1,961635031 3,21979725 8,632451193
 3,003167424 5,062010798 1,603203452 7,370405889 9,33027577 7,616247324 2,30018153 2,122558066 2,112211464 1,809743678 6,564151798 1,568278811 4,953663155 5,482490722 7,261609331 6,123167606 2,912017587 6,616332815 5,473893119 5,077356784
 5,60750416 3,321364925 7,244040626 7,140400971 6,094725849 9,435469365 9,859771632 9,606986019 7,369295581 1,371136836 1,512514806 3,586116079 8,056042504 7,344746234 4,55899327 9,017090346 0,738025139 5,946911093 1,088400286 4,550464604
 5,135609749 7,367230042 4,535270788 0,144669938 8,689499766 7,721422294 9,442470241 8,920585031 1,987019339 1,220819135 8,419808578 9,47421302 8,209073176 7,735454083 2,978210506 7,344099851 5,075490894 3,606904256 6,530630585 6,70134314
 7,561193758 4,135848832 0,985327247 5,189915351 6,91016407 5,062814455 8,839481273 5,017470488 7,467234016 9,868676628 6,805021978 5,316137468 9,161122936 1,51739863 9,084614909 7,796075214 0,312400033 5,022406466 3,374629105 2,743418687
 2,960509924 5,430959564 5,258380285 1,897744627 1,130379687 6,632190025 0,977865307 5,825718689 2,864121057 0,01735597 0,172095137 7,008743032 3,97484685 9,127858724 3,212003312 2,20943292 6,475718996 2,263752552 3,527005037 6,524644699
 7,791303394 4,181980925 4,742240118 1,828443403 8,330571932 5,882918593 7,681941785 8,790764021 9,387569837 4,69821665 2,699854046 0,418785955 3,789715572 4,594750644 6,545018506 2,299218963 9,561437241 3,540844571 3,37353711 1,629303301
 7,727432097 1,633345686 0,725650167 5,968425784 4,359624662 8,903011138 8,251567289 0,652107103 2,529462439 6,497695297 2,695471094 4,060560857 9,655970069 9,040838579 0,78120776 4,2913745 1,733006736 8,762023295 4,807880145 2,251981779
 6,815402165 1,967169621 2,534658897 2,469548889 9,124507954 1,767049661 3,495799748 7,579230721 7,236008554 8,659089177 9,407880979 5,476958834 5,823062385 7,07960317 1,073498155 8,822193736 2,864246537 7,438638268 9,842775465 7,150701162
Maszyna id=4
Czas trwania kolejnych operacji: 62,72211905 51,16034197 46,04081757 25,61005949 31,83229551 1,446773284 76,81766963 30,81706752 45,59416683 57,49040374 99,3233541 53,89372962 33,99675919 91,6160223 82,83085794 73,35891451 23,84112758 59,58377153 0,443505241 28,5717756
Czas trwania dostosowania maszyny z jednej operacji na drugą:
 8,925846386 4,483962633 2,863948188 7,773379301 0,616627453 0,022124762 8,31799513 9,419449972 2,721620719 6,660865902 4,085090461 5,632557237 8,567287373 8,666604884 2,586721906 9,401351728 3,54362006 0,13389021 9,616167813 9,159005104
 6,733026958 1,965324147 9,989545194 2,280850802 9,762628651 8,611252915 6,313712491 0,001762141 2,791785454 3,30605746 5,965114449 9,630699037 6,229806402 6,772665353 6,420697858 3,487744727 0,776265472 8,38928058 1,469939545 1,759412452
 8,761213103 9,07940823 7,199616064 3,54271369 1,360446789 7,359043032 2,445738106 4,91912691 4,168667823 9,90574914 8,125148458 4,47937818 8,907359759 8,034231047 2,844960029 7,583718405 7,327488174 0,134879837 7,243612804 2,060382044
 2,826061263 7,30024445 3,356109763 0,142391859 3,283877025 3,006831942 9,997372387 6,364226752 6,637848489 5,661763796 0,312251302 6,740355356 5,620694689 4,830675632 1,164499078 5,830797959 8,830092681 0,853929309 7,627749463 3,280828533
 8,221857422 2,221974538 9,457988794 2,593562864 4,332840174 2,637907727 2,040974525 6,322255259 5,984385225 6,605210484 9,975183898 0,946519055 6,942105993 7,082505305 5,065415801 2,789997415 2,753781811 4,635732167 6,928073878 6,6834736
 2,906666131 4,084959567 9,336608544 4,299833721 4,682279498 3,962846498 9,367104305 6,105983878 1,681459484 9,433324504 8,356014194 9,867137223 2,275159932 9,24053309 1,299064143 5,709400599 3,480017583 9,640124209 8,035625432 0,419494841
 2,303822764 0,690870823 2,140750418 7,730501319 1,099925818 5,77864508 7,764959609 5,111587711 7,115999446 4,229037291 6,182778487 6,208374549 1,768561596 8,063740311 4,50025807 6,787316617 3,578707781 2,744276767 0,113170113 4,521778956
 3,392270707 5,960779353 9,83031663 6,881236775 0,851190973 1,659979664 0,537436432 3,823307976 0,305911515 7,160568016 1,06864453 8,044388394 2,516289393 4,359191732 4,526825111 0,849513464 7,763608611 1,235794209 8,13159937 4,570373363
 3,974280921 8,468655125 2,954628926 6,398243714 8,600447761 2,902543913 1,778082767 4,561969806 8,562140753 1,668915479 4,435362738 9,258753067 1,769475902 3,491728708 4,924667004 7,096015558 4,410169262 1,958186245 5,921165316 4,645480548
 7,781009128 7,083113056 8,146094731 2,441702525 0,842326716 6,498570293 4,547455541 0,38140704 2,863738629 4,473016103 0,893379248 5,723125705 6,56546841 5,373644347 3,253847884 0,325840479 7,329765576 6,037275743 6,173841068 4,419287054
 7,41345861 8,86813961 0,423168658 2,753640629 0,801981996 3,672407605 9,076599241 3,327120084 6,085328651 9,070513734 2,385522592 6,509760635 1,940815731 7,135477797 8,810369812 2,616754593 5,104537675 7,403737065 5,811366726 2,127803252
 9,439587283 3,393454449 9,049153218 6,708035506 4,886042837 2,981574581 0,350323789 6,806871455 5,721496918 2,149120016 6,941609632 3,983031476 3,121263681 3,163294979 1,917154544 2,285570841 6,439694235 8,620874107 6,63776587 4,652451869
 9,087065112 1,741957004 2,689643771 2,321366482 4,633850579 5,420018707 8,565994245 7,296459595 7,779621733 8,036101897 1,112853343 9,04295137 3,643260666 0,562654255 5,798978376 3,997625511 3,364410089 3,030310897 9,281750444 9,533743893
 9,342949644 3,172210913 5,519034916 2,105914811 7,312074761 4,271524885 6,736768691 0,060880047 5,406899002 2,070783928 8,972074426 7,009311252 4,695991944 2,302079374 8,662454642 2,918774182 6,37076166 0,730437569 4,509705027 6,938856836
 6,222702456 1,425194855 7,434053296 3,10149941 7,077257236 8,60023597 8,391761001 5,594415755 7,094910994 0,47826187 2,210959425 4,284256787 0,269561651 8,341443084 4,093706904 6,473400155 1,243611234 2,201531388 2,722760849 6,551527187
 8,98545495 3,08511256 7,986911447 9,796986711 4,167843927 1,429662832 6,9909542 0,020279591 3,772079163 9,090471998 2,242438546 2,801332422 8,499350228 4,413869692 4,924753048 4,773814232 4,032971608 4,709318715 1,474627452 1,001806392
 7,33952105 5,661650763 2,089523691 3,626362454 7,827308396 1,58679299 5,749809292 4,697740706 0,351671229 4,14963336 7,723781981 1,466599182 6,663319245 4,765587627 3,933003048 3,544641292 9,40532178 5,968211571 3,273473563 5,534955901
 7,407006253 2,037659362 8,620627314 1,251126739 6,605520795 1,724902262 4,937622373 2,245953856 5,147649345 8,167425601 0,727392232 7,865124671 2,034676513 6,486360485 2,812420995 2,999208151 9,451955724 1,196683094 3,785138712 5,559718102
 2,072153457 9,507164367 1,115681957 2,619084552 7,524034739 2,455167317 9,145527918 6,011640319 5,995555383 5,756972946 9,673016461 6,833718939 4,803941582 9,227509443 3,425542368 3,214514024 6,237155678 5,141661314 1,528974526 2,338140755
 4,706919581 4,434745592 5,851380519 8,0234129 4,249065616 7,1733218 7,986500539 6,922175019 8,969320556 6,396705262 7,519251732 7,776569579 8,494419492 1,398408454 9,26472508 0,407353842 9,244070548 0,438703079 4,889652857 3,111856022
Maszyna id=5
Czas trwania kolejnych operacji: 7,199400534 31,39693038 5,351509627 34,18591405 93,41111799 59,50216064 2,025770665 44,93994009 65,74033884 40,13749191 89,42086611 83,63095754 98,57478609 24,34301469 6,401503366 90,47383888 54,84177331 4,924905342 96,70432751 24,41876376
Czas trwania dostosowania maszyny z jednej operacji na drugą:
 1,153145323 6,975025849 8,641508363 1,528086792 5,759913889 6,301387216 1,356239829 5,612027877 4,508269295 0,766987832 4,615676115 8,586366765 1,14459382 3,472299139 8,547528728 8,111192153 9,10382863 0,24590069 7,197998302 4,986199451
 3,002083166 4,012494903 0,48271545 6,449339592 9,081473928 9,939307791 3,927098067 8,002567527 8,230211536 3,400593948 7,381756522 6,164989814 1,461286826 2,182946993 8,447786748 4,321534329 8,222440598 3,925158497 7,191481421 7,705680779
 3,538364566 5,106274065 9,157099122 1,795742534 9,426147333 9,03554494 9,560865367 0,849606291 7,112375121 8,148982858 3,588892355 4,763888873 2,249223128 6,484518365 6,700665711 3,462375074 3,478792901 8,070224635 3,411410171 8,045714018
 3,33466946 9,77774961 1,744350591 3,584931001 8,419813455 1,435048768 0,083478764 3,357220808 2,490113234 0,78876659 5,732714753 0,660069897 7,285089159 7,643533944 5,996093904 9,905673906 5,63494712 0,214180395 1,677869637 2,675231061
 2,29644412 4,764520262 8,551649786 2,855567831 6,847313698 9,44650967 1,91196828 2,174764299 1,812582728 5,386232541 4,88565663 7,793549156 2,730866367 2,702745678 7,9313123 5,352310394 9,9446759 6,370463487 3,717034555 9,383789443
 9,529268342 0,121839524 0,226365719 5,514860994 5,374390694 1,84207423 3,654603746 2,781942506 3,26378516 1,718032158 0,180685261 8,235887669 0,421173384 5,332418778 3,726969192 8,033036038 7,385340384 0,87151176 0,652646834 4,746159298
 0,073633893 7,057248569 2,571792977 3,577735809 4,105156147 5,355454235 2,393755825 1,827219537 4,225441649 4,457400794 3,158380599 0,177556357 2,258902423 7,806819987 4,17578373 9,280504289 9,639666247 1,552234641 6,851339967 2,455705633
 9,33803735 9,062997802 4,990647949 1,273803636 3,752337456 6,472965806 4,637953443 0,138985442 4,810534536 2,634884401 7,800162005 3,927967302 9,209900292 4,46513988 0,596214315 5,988312188 3,081718058 0,998035444 9,847029026 8,178839885
 8,967028563 9,243330417 1,174964291 5,00477766 9,424136566 1,765515556 6,60409547 8,794102285 9,114165173 6,510159912 9,387461441 1,603862155 0,840438822 7,001804789 7,042646347 3,313916325 0,250212311 0,070098618 1,025559762 8,999692208
 4,426333364 1,433093448 3,302950883 5,676547616 9,290914886 6,253592681 5,346174697 7,436703778 2,047946542 3,348299659 3,487701005 4,150431645 1,787025835 2,960830287 9,146119736 8,942165183 7,225481026 1,552334837 1,858804668 3,089116705
 6,365642508 5,631741537 7,979250218 3,603845265 3,633273004 9,388608823 6,003750184 6,020493518 4,283169185 8,644100964 3,722084495 0,669718538 0,636578825 2,206362355 1,554539648 2,368704665 8,221340039 3,00386682 1,997015023 3,811587927
 2,982721723 6,598075835 8,367116639 9,719632122 1,969756314 0,025916266 0,199616738 7,182278 2,794158045 7,198618864 3,023680616 2,277860322 9,631500101 6,719138657 7,012254483 4,550209154 2,059991378 5,84831375 9,815073124 6,530903117
 4,013231224 5,663027026 7,030509401 1,326567653 8,463751855 5,335450655 9,089289156 8,557499464 9,797136392 8,699286685 8,724007393 9,889362316 2,207509572 0,814077756 2,527008277 7,616080489 5,99113973 7,649901916 8,207123596 4,152015469
 6,146337602 9,056848735 8,582456609 3,441488626 6,52799433 7,150780646 8,22460266 8,168639553 7,490736084 5,202778193 0,41793386 3,487307373 7,875417226 8,231894001 7,190184891 5,002178991 8,454574392 0,436259358 9,895022096 1,081013948
 7,662407936 7,672104831 5,990512665 5,392611615 9,8184495 0,451338158 1,054519262 7,291922795 3,425279425 1,534977047 1,367947027 9,765813239 2,527328833 5,284002164 4,551139018 6,349404247 2,178539876 5,33057589 0,794391491 4,771165466
 5,201727057 9,550786328 1,964266453 5,079928203 0,849501384 4,611242203 0,673893085 1,407817421 3,662770554 3,445816861 6,112268277 1,588591777 4,676294449 5,486355071 0,651758393 4,285527534 6,426946619 2,979495102 3,769529401 9,333138322
 0,471418719 2,784967038 3,888422636 6,52194871 2,364505211 6,573308788 2,687059104 5,44825552 1,888224429 8,060446966 6,832966757 9,49019324 8,968030132 0,377444051 9,589021443 8,338945779 2,053576635 0,819444043 0,25699882 2,678602612
 3,392497601 5,337769292 2,373921676 9,665609501 0,669198673 3,651066657 4,848115342 7,950085419 7,22168807 7,713440789 4,050108542 5,172036791 8,041150925 2,95357907 9,536765323 5,769654941 9,474058542 9,593852967 7,029899488 3,855172895
 6,082056561 3,783126706 8,390277583 3,891809759 3,632784168 4,036552239 7,611837472 7,885693918 6,153997158 5,976648001 8,296145817 1,465988431 2,847573971 0,391342674 5,890523743 0,712257203 1,247808134 9,876977264 8,283671991 7,789358779
 7,890141534 1,774478884 1,524653967 5,170120097 7,893054492 3,783500332 1,423044758 7,024056946 2,8980437 4,060745871 0,72317885 2,304503737 0,026719184 0,338463484 0,605852717 5,653565848 3,961182172 9,533848803 6,236880178 5,436636143
Maszyna id=6
Czas trwania kolejnych operacji: 91,24855558 26,55536965 42,37118493 11,30020415 11,47706919 55,06847489 58,8104335 77,95208505 43,94438097 45,87009735 53,64204568 32,87074445 22,28459813 91,26879601 82,36150292 39,60285431 33,43240711 29,7735582 76,57978298 34,18443081
Czas trwania dostosowania maszyny z jednej operacji na drugą:
 1,315552819 5,419999672 1,53546983 7,745117611 8,845683391 5,405766204 3,573460094 3,839644528 3,276655324 1,188864175 4,691297319 7,075731174 3,315232356 7,321263726 9,650731034 9,347482922 7,599395281 2,891180154 5,930313671 1,673792567
 7,667904431 9,007684113 2,482392057 5,693736323 6,660856373 5,06407988 5,320570421 3,771839425 5,866623034 9,456725174 4,495994171 9,676858967 8,258937347 6,955811911 3,292137906 3,410341995 8,704255316 8,666039174 0,63440441 8,671599247
 6,507229833 1,957331858 0,755046268 2,526834935 7,926964323 5,716976814 0,845366076 6,282342663 8,834287403 9,665409493 8,464876785 3,035993539 1,455375295 6,018550325 4,146405585 5,139772137 7,346808245 5,619025452 1,732077894 4,277189895
 4,472344285 6,316491444 3,042954093 2,105741712 5,092124568 2,753634438 3,732862992 0,478434175 4,271433227 2,625670793 3,995678706 9,990854459 3,395063209 7,282633324 0,678671496 9,719607964 9,719503144 8,837200299 2,090768679 4,344817417
 9,284030497 3,082377645 4,947042159 5,887708901 7,178195721 8,958078845 7,262097804 1,603196539 2,42760175 6,926215826 9,937384511 2,017087258 9,861133951 3,144652469 3,820343939 8,005951372 3,187370896 9,790641427 9,822069231 0,169970726
 2,989977778 8,285488378 4,430141022 4,145793723 6,68288801 6,824658003 1,753149997 7,48602502 5,033328605 4,634962696 9,592337386 6,260521608 6,907979672 3,894598538 1,352860473 5,821137126 9,409376793 4,108917331 8,653219822 2,661019864
 8,798003024 7,197244641 3,218441436 5,741551266 8,399471927 9,109059235 8,663535022 3,114531744 0,328889872 1,804327475 2,520259575 9,540997352 5,54617697 1,195932977 9,20133809 1,85849024 3,055699063 9,577421024 0,146251656 4,1964894
 6,063639965 9,369131906 2,526174032 8,57339776 1,671115682 8,513104864 4,322141688 8,571776968 6,571926183 0,659178599 5,201776464 1,638533828 4,681436262 9,298518321 5,518635533 6,982324836 2,416884364 1,465234385 1,330263959 9,498509118
 9,873033748 2,719526825 5,135628954 9,654907327 0,299100741 7,806315226 5,57183424 8,392387486 8,439544356 2,277234719 7,537749212 0,257234939 1,805528519 0,072137737 3,257382427 0,073849982 8,580029653 2,725549958 8,773767516 8,639027054
 6,862695983 3,856732596 8,519114945 1,752332939 7,3589395 8,097742899 3,153143697 2,099228636 1,627207899 3,311233639 3,437760757 9,480750684 3,297195815 9,384283418 1,090518435 8,632640543 0,434322899 1,41554274 8,175310646 7,482264863
 0,153418009 5,414926177 8,104023806 9,461718849 0,141333866 4,892310259 6,121313939 5,748919675 1,357533339 3,345246095 8,376824663 3,595555122 6,050415969 0,676986757 6,986220974 6,848930769 0,079346949 3,987912663 1,903971624 8,44690519
 0,571148702 2,553684147 3,688564331 4,285635897 5,504865972 6,473240573 6,067049829 6,910623295 1,109879859 6,504485051 7,529855625 1,915138383 8,383152255 3,575027659 9,447370485 4,523769137 6,540055684 2,229622611 8,641388535 3,144858766
 1,330174337 9,165898204 0,603977961 8,908431073 6,024673122 4,375942974 5,69267898 1,451697222 7,846283615 3,263063194 3,142590343 1,341006726 4,584233031 6,80154536 8,863945019 2,278775782 9,987582012 7,36837288 8,656960012 4,949103002
 3,889493257 5,19171212 7,983736415 4,818139606 8,826705613 3,109251195 2,906966779 5,16824989 3,800525723 2,885896973 4,243927173 5,690017423 6,881887928 8,719029946 6,507489668 2,651436962 0,244367074 1,767078426 9,271408568 6,908103061
 9,068290936 7,244229612 5,509462009 3,738805916 5,052267101 4,803898267 8,287732578 8,17567564 2,929969082 9,926860851 4,620409836 0,740637883 7,003274499 0,960098393 6,863342603 5,190173461 7,441778713 6,260670641 3,349636611 6,440112783
 3,886269678 0,166015527 8,939470324 8,919608007 3,743790615 7,459962082 6,489957026 0,394683734 2,44602509 1,466933721 1,041270788 9,806490702 5,007118652 0,773789269 7,530064942 2,487992909 8,09393382 1,38996025 7,437963853 0,288198499
 7,471837186 1,51430155 6,331015915 7,83257216 3,83881718 7,244113838 9,552863716 3,623200047 0,342078124 2,469847013 6,536178087 6,131673982 3,839682471 4,509366386 9,896229125 6,019250048 3,64026603 3,186274868 2,488138066 7,644474744
 3,123243833 0,862158024 2,606845151 9,51424672 6,69064222 5,160266882 6,361503678 9,86440334 5,679026913 1,509765357 9,51628936 4,107642159 6,538169165 0,035268991 2,862626776 8,913616869 4,793641662 7,884900875 2,601555036 6,499476327
 0,81281995 6,070664357 5,907662878 6,610648632 2,121129673 2,479697833 5,118284449 8,358041314 8,238420256 9,836757211 7,26903652 8,32907815 7,738784393 7,179125248 7,387416282 4,001935631 5,236952871 0,904956442 1,208017352 4,824973239
 0,339579183 6,560142029 5,331465137 2,088891067 2,503477488 1,325235144 4,190557276 2,752487523 4,065193682 6,88011307 4,171062357 3,308269816 7,124089251 0,749357016 8,782937527 4,92011686 7,869791575 9,584010817 2,785446601 0,392337572
Maszyna id=7
Czas trwania kolejnych operacji: 9,66992135 57,31886025 11,6700376 65,49008274 94,43467323 72,8932655 48,5105555 28,29253238 24,39565503 9,710129151 4,454411807 40,05405024 64,40639659 98,82120311 99,53161687 87,27774743 87,47920328 95,52698061 80,57602179 96,20709905
Czas trwania dostosowania maszyny z jednej operacji na drugą:
 4,954517107 6,566003105 9,965284414 3,996644814 6,688561449 3,441965233 3,277895057 9,320595378 5,673203005 0,602148829 8,533621901 9,423268087 6,978448462 3,668830393 0,971107174 3,276693906 2,146857582 2,871211853 8,585894974 6,954312109
 3,327775666 5,986351679 8,28478893 0,958699849 4,726975933 7,128905523 1,708096981 2,914960977 3,341629605 2,376905304 2,441456899 1,790150554 6,100504728 6,035718036 0,463137475 0,744822495 2,355886217 5,624863365 3,122038867 6,859315715
 4,037433494 8,223249981 1,629283997 5,541246828 7,147495721 5,648913527 2,346093691 3,100191188 2,916940847 4,92275185 4,520122201 4,569961667 8,769402358 9,803502045 7,780787315 7,422111375 9,236173116 5,435011676 2,527446444 0,066089835
 5,012904103 2,063087723 9,584955584 5,145662483 3,835294631 4,06865981 2,128005231 0,50208678 8,631952689 7,433367834 4,018532529 4,32909323 7,252898931 3,594458662 0,782730169 7,751468726 5,488588821 1,515601651 0,778337991 8,70243536
 0,763564803 7,327436447 7,979877299 0,184898062 5,683261553 2,358491506 9,339767403 9,496547852 8,786029277 4,989916678 6,836823846 4,16872022 4,675235288 5,324599097 4,416582566 9,588189598 7,21697082 6,545912984 6,842008507 3,023376435
 5,013829303 8,746030549 6,647613438 2,728191219 3,231523724 6,432397964 9,736936167 6,840435203 9,644770692 5,826543044 6,299828374 7,241741083 0,538931959 5,311249381 0,441030464 8,928509596 3,48699757 2,702732979 1,320371739 1,001786075
 8,944414535 5,648079918 7,526717145 1,357415135 7,687135673 1,411575076 0,536553152 8,257400983 5,041443825 1,865312478 3,203628962 8,837482741 5,331025823 5,877577137 4,79472529 8,21131999 0,233321334 8,319760126 0,609896132 9,410434453
 4,647215809 1,899965587 7,260405083 6,944514341 9,859545727 4,404483553 0,19493488 2,401087227 8,361134767 4,469388518 0,955948068 9,414494114 9,082613212 3,317589813 4,753305991 1,541729496 5,931248876 1,143370913 6,799858419 6,652342127
 4,764378619 8,709958797 7,098879942 7,026420833 3,927461558 7,132655122 3,41516689 4,345761744 6,539229748 2,765558739 7,036514822 9,47311806 6,468399914 1,426211622 7,860974241 9,62070397 4,335592873 1,119376655 1,748862324 7,904719683
 9,370536109 9,184723776 7,883189337 5,441061781 0,919209611 4,972762906 3,335796089 1,23878723 4,926939619 3,409903063 6,563830599 7,067781586 1,434571416 2,95397249 7,136713078 0,808939917 5,357705843 2,249094834 7,873246877 4,045578944
 2,211697515 1,117836529 3,721364969 2,179496406 9,204893415 8,404113376 4,051278297 5,389048911 0,600488063 1,098836796 8,7448559 6,455040688 5,863071111 9,550437921 5,273752691 3,648921951 3,502753935 2,632931385 9,863198852 6,89635786
 9,26520661 5,281978104 2,587877866 9,785855802 7,336396777 3,840681573 4,312057847 3,877333423 2,163760447 6,83816359 6,282165286 4,67333615 7,968500376 1,640973371 8,082629238 8,485221186 4,158848832 7,475155304 4,281112512 7,258180603
 5,988172379 4,649280898 8,233135659 1,531005918 0,11737394 0,650611375 1,857017572 7,219178119 9,269766362 6,962210315 2,707102079 7,314492906 1,101432661 8,696275014 2,277362532 1,04769449 2,456955305 7,887770617 3,165966849 3,399896201
 1,824692249 1,238411615 6,297647666 4,789056 0,437380303 1,065101912 2,757041029 1,180114821 2,121241814 2,138588243 0,317293964 7,511595984 5,060402614 3,7872522 4,250089901 3,353257479 7,00596241 4,398746839 8,91052402 5,566244451
 8,107819459 8,483839564 1,427305204 2,033194963 4,657438115 4,224725032 9,472392612 7,07354618 3,93682295 2,762239987 2,129089897 5,054309763 0,674564212 4,353048817 5,346156479 7,771336213 2,643234392 8,261102821 5,151248761 9,709906896
 9,688250968 8,900960227 5,403753224 1,178418455 8,787179013 1,131934468 9,635334284 8,772318179 6,634988326 1,397737368 4,03880968 4,535135994 6,096406044 4,819192786 7,767271711 9,649113201 4,831139072 8,305807706 1,537359749 6,169818338
 8,680265025 9,108950382 7,678496736 8,745553411 7,713390979 7,5942177 6,985616623 2,71672032 2,035373303 9,41332196 2,101842872 6,943725274 9,18141515 8,202937412 7,114562346 6,671978185 9,090644606 9,081257558 7,029543461 6,101809905
 8,379227463 0,160289208 3,925527502 6,951918349 6,291069872 0,724581753 4,821359108 0,558061196 2,224984948 5,457677108 3,720811021 8,715803401 0,685157802 0,033969328 2,11563247 8,959383077 7,846698879 6,306719293 7,441652115 5,657448679
 9,610591621 2,873025106 2,333753334 8,521962879 5,116558034 4,075783512 9,275313967 4,260697824 5,165371217 7,223156933 7,871749694 8,553933192 3,035757372 6,820093351 1,0315536 7,848590167 9,518903276 5,059962019 1,375185034 5,18165653
 4,381932425 5,71499564 1,297718575 2,157809816 1,076712882 4,76691776 5,95903409 9,524645224 4,531306456 8,600479335 7,708255338 5,152968582 3,209545219 3,813524597 2,450255363 8,939728199 9,056506302 8,978421852 2,855645133 2,986386643
Maszyna id=8
Czas trwania kolejnych operacji: 94,15802381 69,49761958 19,64616506 90,86269372 82,8442423 32,61405921 34,09909581 75,01108648 94,60156126 90,03836245 22,07709875 68,61940247 10,83264493 90,18117686 88,41826673 31,7378357 29,79381543 75,13669778 75,17170073 98,26516532
Czas trwania dostosowania maszyny z jednej operacji na drugą:
 6,279648522 3,769474228 1,967116193 3,871256412 0,935631669 9,195188692 1,170429008 1,042159953 8,595339342 7,458854774 6,976003222 3,250159146 8,405792977 5,793809785 7,22425276 7,201678213 4,710515298 3,216831086 9,13856328 5,047223525
 4,45160917 3,615118679 8,263943642 4,446923535 4,972457484 3,862066608 6,705182619 3,714252437 7,114826005 4,031530569 5,17418987 4,678048567 1,29086946 4,252952812 3,761405335 6,539573821 6,1391727 4,02116572 0,636809559 4,141974229
 5,978516517 2,075325199 4,683761179 8,676914435 3,036740127 2,961938934 1,896381192 0,882838814 9,520426603 6,398175516 6,741558458 9,795366349 0,162138594 4,379414245 6,177349509 4,015525886 1,856456509 8,616569601 3,377351355 5,259364186
 3,514952112 9,994556939 5,755913928 9,801053126 2,717323177 5,827297723 0,976795141 2,78032181 2,169716047 2,760416771 1,42783191 7,795470754 1,081358066 2,384978344 3,211133185 8,497801531 2,05771265 4,469207592 6,022877049 8,105034057
 8,299883066 3,191840001 2,877383958 0,313560821 5,752728883 9,877328306 5,320832384 0,088459507 5,397999675 2,218256321 1,174078485 2,094745276 6,24240973 6,969455186 9,101997797 1,316204992 1,521481375 4,385804543 4,767289151 6,835915272
 8,709800967 2,303011593 0,630878763 7,634949384 4,906540324 9,39305579 9,680812455 0,324286445 7,400701678 5,643919658 9,26032921 8,039375591 2,623429003 1,475298603 1,643115021 7,573509137 6,164328295 5,926631084 0,760904218 3,540878851
 9,923869775 7,411035084 9,879801199 6,803521386 7,279284416 6,218749717 7,427480951 5,579709976 1,561755628 2,716986668 8,192492445 9,072562574 1,03777647 3,997467518 2,963394884 4,512127627 1,574379032 3,931919192 5,171423988 0,933633556
 9,756789371 7,69098642 5,456536771 2,249814648 2,817912433 3,077514315 5,796673819 1,47794758 0,142845681 7,990979545 5,580266048 9,883177317 3,296573606 6,820357912 0,785291739 0,41443966 8,033852046 8,660172335 4,796082598 5,722250569
 9,166933992 3,857531714 4,59762146 3,321808423 9,031296286 0,828387304 0,062472793 3,61950397 7,620436452 1,282917473 7,514764924 1,901129369 4,62432528 6,79091205 6,053559764 6,676905138 8,209874819 5,45700811 2,950725439 2,509881051
 2,273294915 0,874527326 6,521029485 0,878341014 4,636329132 4,729886005 1,121529788 9,914016604 9,513528536 3,933534476 7,299044791 6,140455783 7,101373838 9,541199703 6,973917613 5,937189706 8,531061757 6,496791156 4,33015804 9,840470211
 6,467331898 0,001947838 4,585807805 5,751773063 2,083343445 6,687033719 1,943122319 8,510477044 2,598477259 3,368552188 0,136418743 0,235547223 3,540928261 6,620729641 4,879582886 5,353806637 6,636472602 4,230187607 5,648136216 1,824777858
 7,059065855 9,753878871 7,568779065 5,998362077 5,926929733 7,086869422 3,247327068 3,690494059 4,496875491 3,70946217 9,452340269 7,574162852 7,525317253 0,042310971 8,071274415 6,388466518 0,969756332 9,327210466 6,567890135 2,253694189
 8,767193328 2,523917734 8,23800151 7,892468948 1,64183416 4,635714735 5,609617867 3,531172147 7,807176232 7,608941517 6,149644519 1,685327761 0,611657196 0,051678751 6,829159184 7,154614174 6,835414232 6,902090443 1,800701027 2,071183715
 6,612447586 0,284208896 0,953374401 3,417727179 0,610473546 5,792898698 8,088954999 8,083407604 0,66887888 2,516899091 4,836168256 8,711615634 0,04861663 4,60564757 5,677058285 8,573125848 5,430638817 4,503392683 3,755242956 2,30605667
 5,235976595 2,257798129 7,759814052 0,558653915 1,521788516 7,305549375 2,814258853 0,770104478 5,932630814 0,417021112 8,946975335 5,751854879 3,106757074 0,949948458 8,301820856 7,414565048 1,456271592 0,266504972 5,650730246 2,03846591
 3,743017791 0,172871813 2,597191334 0,075785498 9,213526317 6,066057586 6,239062125 9,717974312 6,846660236 3,636083545 3,420483788 0,820138715 0,351116305 2,437399909 8,646672118 5,113904796 1,378541792 5,343833663 7,853795289 1,520544573
 7,72072016 8,658465953 2,92137799 2,427198071 0,386473772 0,3546264 5,900516471 6,534623365 8,73702258 2,955869321 1,223219872 6,687341486 6,412527414 6,383716784 6,858510601 8,18429368 8,442590149 5,806676247 3,924352776 4,738770356
 0,669497271 7,201449838 3,613279825 4,907452895 9,685082125 6,079171263 0,129169647 6,483591137 1,57554279 2,895685734 5,069884237 2,573478192 5,786725453 2,598177958 9,970617753 4,021083864 9,724062712 2,776100831 3,491476995 7,853960646
 3,248833373 7,991507764 1,101294074 2,796497304 5,031446677 5,571476464 7,078828502 6,762558104 0,41084728 9,425514172 4,221035916 1,985733698 0,580825014 8,723822715 3,027099586 2,741277425 7,912529394 7,234426141 6,859132329 0,395807966
 8,237782225 6,301904529 7,25989117 5,59720642 4,189985941 7,588470374 0,786611664 7,187117931 2,720031658 7,346606774 6,242219573 7,745952609 9,911505333 2,164673518 2,875550004 0,636409181 6,012532597 1,76054537 1,507573862 2,531075131
Maszyna id=9
Czas trwania kolejnych operacji: 1,353421279 49,48517989 32,86354691 5,977470567 59,61039286 13,54423661 8,643671362 95,89855554 55,53864017 72,04661079 69,57018081 66,88493629 33,68174408 46,56927944 57,92029162 72,39627741 13,44428529 75,27845429 17,97887103 29,64552487
Czas trwania dostosowania maszyny z jednej operacji na drugą:
 6,163101813 3,234908573 4,278087777 1,733263032 5,024449051 3,371820793 3,67635305 1,936802833 6,860806373 5,387558576 7,792615882 7,194432507 0,375951281 4,841697341 9,721400556 3,091515303 8,394745112 2,090526835 1,469279249 1,209617595
 3,569232548 0,725347293 6,699377478 4,52607229 2,513315896 4,903268483 5,494761386 1,502273172 2,326601723 3,84314722 2,18699943 7,342112781 5,958046353 5,81124563 7,766170015 5,572366941 0,776745046 0,739540118 0,739071898 8,656866548
 3,442930954 9,124508811 0,552238427 1,875459852 3,623546212 5,560451433 5,72542522 5,84785657 1,647405221 4,725747027 1,481381817 9,279540535 4,595393474 6,201114449 9,091137564 9,70634195 4,543867317 9,184506779 7,729480777 8,536810025
 7,224340977 6,05504735 3,904936565 7,168952663 0,892010444 3,155745646 0,677362446 3,088621541 7,76101392 3,90124186 5,498866646 1,57728847 8,66512165 5,224645604 4,534589625 5,879599994 2,982996805 4,03728846 4,361143689 6,968134013
 1,112996545 3,974165485 2,128599627 2,607710656 0,032713118 9,268343328 8,56211976 5,312579002 0,638949296 2,461185315 9,329974161 3,681040102 1,144212312 9,774565727 8,498539299 3,990565166 9,902137571 3,054860695 1,80012566 9,632731774
 0,20306487 3,042668255 8,964053118 2,633069999 4,666257819 0,001661067 2,602050054 4,490935377 9,628704373 9,803199793 1,532188839 1,804035654 0,971383928 1,75766408 2,995257495 1,608471656 5,030862583 6,559360119 6,534253526 9,725337371
 3,998346894 7,636698217 5,776173069 4,107330125 4,443127819 4,49581486 5,184873456 9,244578631 3,515907951 8,458850008 6,428356446 0,13996813 8,244842939 8,256354748 5,767727258 1,45138149 8,369544262 9,451176422 0,196918162 6,276334653
 1,860272434 6,0105696 0,535354642 9,0476384 0,737566492 7,971627585 0,663454176 1,445572478 5,298145407 5,539535011 0,863605452 4,611008488 6,262295381 1,248595736 4,834671706 9,534459606 9,648339684 3,714045431 1,917700002 2,895349053
 6,590311059 4,154310584 9,533831615 4,872047097 7,625943401 0,259442952 3,833948916 3,899973779 4,96020563 8,765300572 3,24960347 1,424209436 8,321956857 0,001261713 3,772209899 9,820039889 3,751655322 1,338159776 3,610465356 7,393925045
 3,495131289 8,198963651 0,488957779 1,44232999 7,998580975 1,564170629 2,969315125 5,331309759 9,669941063 0,896429657 8,510341684 2,986309978 3,117455028 5,50973662 5,23373247 9,566778265 8,320601269 0,404880481 5,055461081 2,95838456
 0,896993487 1,67601447 1,30252967 1,126434437 8,257708858 2,396002949 7,882360928 3,554711111 4,007811324 5,846724459 8,452162496 4,210573448 5,108556242 7,03780021 9,208019191 3,982056499 5,676564522 9,877552882 6,008544345 6,0507514
 3,517635561 0,745043912 6,370644222 2,464045543 9,58581569 9,603284469 6,177385045 7,058806401 1,005766213 9,686340741 7,288982726 3,853377436 6,515990933 0,095956234 8,413301703 0,168344843 1,603092585 8,394349722 7,507267188 0,671409049
 3,435939736 5,272167427 0,619364111 5,033922276 8,399831403 7,740203435 0,11523586 7,865978272 4,185277798 1,505515372 9,33369493 1,183188448 3,892626566 1,285586567 4,104511529 1,203896432 3,259029507 0,237857031 8,092416944 9,585722879
 2,366163581 8,083873799 5,817754903 4,381927652 5,283111278 8,374881746 3,539578352 5,552288032 8,233195946 6,805681458 0,403451181 4,336254443 8,373757334 3,517936022 6,614265434 0,445317542 1,971234298 3,441042414 3,822361122 0,028954548
 3,989879434 8,835474757 3,453804557 1,735939421 4,836537386 3,850747308 4,105250176 2,191116187 0,437650434 4,198160106 9,786646492 9,280969383 2,274940867 1,573785523 4,956184059 8,001043732 9,57749359 9,18975347 1,56793399 6,304971826
 1,187355233 3,111234128 2,971804927 4,440341539 4,968299875 2,611768299 4,670290393 7,450660734 1,202025398 0,123554024 5,913376001 6,854822995 1,526358893 0,37574264 4,165420733 8,902536898 2,121238228 4,358367357 5,658747176 5,362068243
 0,373598232 6,305068121 7,998488156 7,774976989 4,189235594 7,06025191 6,891618867 8,487846007 9,902552288 2,248731602 6,982841001 2,003546737 1,654943072 3,678604164 1,305981657 8,332496181 9,262730506 4,969102969 5,707186828 9,723348164
 2,139026704 3,299892197 0,778506502 8,10564225 0,682534214 5,265770986 7,005401084 7,193080825 7,791241499 0,557437237 3,389700447 2,579718329 7,967953222 2,487883468 1,791413318 3,686656641 9,801163225 0,402030722 9,490808418 2,864975063
 2,810125026 7,486073567 8,584278632 1,030289377 0,534953671 8,943899548 3,882460865 5,474212085 2,195768402 9,973879206 4,595725355 7,152046117 5,257495532 7,3693313 5,55869678 6,299600166 1,446456328 0,863068766 2,23184026 4,348212719
 9,578809535 2,745178214 7,572316188 7,722936151 3,444479625 9,505565861 3,566068579 8,025827471 9,056448207 2,075649115 2,056363106 3,430958033 0,733130665 9,502615372 6,607461542 0,394096908 5,660632267 9,570335283 9,92530894 1,424794252

Procesy:
Proces o id= 0
Priorytet: 1
Operacje wchodzące w skład procesu:

Operacja o id=19
Czas po którym musi się rozpocząć po zakończeniu poprzedniej: 100000
Czas po którym musi się rozpocząć kolejna operacja: 123,3847254
Czy można pauzować?: False
Potrzebne materiały (ostatnia kolumna oznacza % postępu, w którym są potrzebne):
 0 0 0 0 0 0 0 0 0 0 0 0 0 0 0 0 0 0 0 45 0
Produkowane materiały (ostatnia kolumna oznacza % postępu, w którym są produkowane):
 0 0 0 0 0 0 0 0 0 0 0 0 0 0 0 0 0 0 0 66 0

Operacja o id=0
Czas po którym musi się rozpocząć po zakończeniu poprzedniej: 100000
Czas po którym musi się rozpocząć kolejna operacja: 58,99622103
Czy można pauzować?: False
Potrzebne materiały (ostatnia kolumna oznacza % postępu, w którym są potrzebne):
 101 0 0 0 0 0 0 0 0 0 0 0 0 0 0 0 0 0 0 0 0
Produkowane materiały (ostatnia kolumna oznacza % postępu, w którym są produkowane):
 109 0 0 0 0 0 0 0 0 0 0 0 0 0 0 0 0 0 0 0 0

Operacja o id=18
Czas po którym musi się rozpocząć po zakończeniu poprzedniej: 100000
Czas po którym musi się rozpocząć kolejna operacja: 670,0182618
Czy można pauzować?: False
Potrzebne materiały (ostatnia kolumna oznacza % postępu, w którym są potrzebne):
 0 0 0 0 0 0 0 0 0 0 0 0 0 0 0 0 0 0 79 0 0
Produkowane materiały (ostatnia kolumna oznacza % postępu, w którym są produkowane):
 0 0 0 0 0 0 0 0 0 0 0 0 0 0 0 0 0 0 104 0 0

Operacja o id=1
Czas po którym musi się rozpocząć po zakończeniu poprzedniej: 100000
Czas po którym musi się rozpocząć kolejna operacja: 638,3337145
Czy można pauzować?: False
Potrzebne materiały (ostatnia kolumna oznacza % postępu, w którym są potrzebne):
 0 15 0 0 0 0 0 0 0 0 0 0 0 0 0 0 0 0 0 0 0
Produkowane materiały (ostatnia kolumna oznacza % postępu, w którym są produkowane):
 0 57 0 0 0 0 0 0 0 0 0 0 0 0 0 0 0 0 0 0 0
Proces o id= 1
Priorytet: 9
Operacje wchodzące w skład procesu:

Operacja o id=17
Czas po którym musi się rozpocząć po zakończeniu poprzedniej: 100000
Czas po którym musi się rozpocząć kolejna operacja: 904,2418936
Czy można pauzować?: False
Potrzebne materiały (ostatnia kolumna oznacza % postępu, w którym są potrzebne):
 0 0 0 0 0 0 0 0 0 0 0 0 0 0 0 0 0 104 0 0 0
Produkowane materiały (ostatnia kolumna oznacza % postępu, w którym są produkowane):
 0 0 0 0 0 0 0 0 0 0 0 0 0 0 0 0 0 41 0 0 0

Operacja o id=2
Czas po którym musi się rozpocząć po zakończeniu poprzedniej: 100000
Czas po którym musi się rozpocząć kolejna operacja: 222,9272841
Czy można pauzować?: False
Potrzebne materiały (ostatnia kolumna oznacza % postępu, w którym są potrzebne):
 0 0 51 0 0 0 0 0 0 0 0 0 0 0 0 0 0 0 0 0 0
Produkowane materiały (ostatnia kolumna oznacza % postępu, w którym są produkowane):
 0 0 98 0 0 0 0 0 0 0 0 0 0 0 0 0 0 0 0 0 0

Operacja o id=16
Czas po którym musi się rozpocząć po zakończeniu poprzedniej: 100000
Czas po którym musi się rozpocząć kolejna operacja: 53,34408355
Czy można pauzować?: False
Potrzebne materiały (ostatnia kolumna oznacza % postępu, w którym są potrzebne):
 0 0 0 0 0 0 0 0 0 0 0 0 0 0 0 0 36 0 0 0 0
Produkowane materiały (ostatnia kolumna oznacza % postępu, w którym są produkowane):
 0 0 0 0 0 0 0 0 0 0 0 0 0 0 0 0 70 0 0 0 0

Operacja o id=3
Czas po którym musi się rozpocząć po zakończeniu poprzedniej: 100000
Czas po którym musi się rozpocząć kolejna operacja: 556,8211
Czy można pauzować?: False
Potrzebne materiały (ostatnia kolumna oznacza % postępu, w którym są potrzebne):
 0 0 0 89 0 0 0 0 0 0 0 0 0 0 0 0 0 0 0 0 0
Produkowane materiały (ostatnia kolumna oznacza % postępu, w którym są produkowane):
 0 0 0 35 0 0 0 0 0 0 0 0 0 0 0 0 0 0 0 0 0
Proces o id= 2
Priorytet: 2
Operacje wchodzące w skład procesu:

Operacja o id=15
Czas po którym musi się rozpocząć po zakończeniu poprzedniej: 100000
Czas po którym musi się rozpocząć kolejna operacja: 86,75092733
Czy można pauzować?: False
Potrzebne materiały (ostatnia kolumna oznacza % postępu, w którym są potrzebne):
 0 0 0 0 0 0 0 0 0 0 0 0 0 0 0 101 0 0 0 0 0
Produkowane materiały (ostatnia kolumna oznacza % postępu, w którym są produkowane):
 0 0 0 0 0 0 0 0 0 0 0 0 0 0 0 84 0 0 0 0 0

Operacja o id=4
Czas po którym musi się rozpocząć po zakończeniu poprzedniej: 100000
Czas po którym musi się rozpocząć kolejna operacja: 895,9673982
Czy można pauzować?: False
Potrzebne materiały (ostatnia kolumna oznacza % postępu, w którym są potrzebne):
 0 0 0 0 83 0 0 0 0 0 0 0 0 0 0 0 0 0 0 0 0
Produkowane materiały (ostatnia kolumna oznacza % postępu, w którym są produkowane):
 0 0 0 0 59 0 0 0 0 0 0 0 0 0 0 0 0 0 0 0 0

Operacja o id=14
Czas po którym musi się rozpocząć po zakończeniu poprzedniej: 100000
Czas po którym musi się rozpocząć kolejna operacja: 298,9785645
Czy można pauzować?: False
Potrzebne materiały (ostatnia kolumna oznacza % postępu, w którym są potrzebne):
 0 0 0 0 0 0 0 0 0 0 0 0 0 0 15 0 0 0 0 0 0
Produkowane materiały (ostatnia kolumna oznacza % postępu, w którym są produkowane):
 0 0 0 0 0 0 0 0 0 0 0 0 0 0 89 0 0 0 0 0 0

Operacja o id=5
Czas po którym musi się rozpocząć po zakończeniu poprzedniej: 100000
Czas po którym musi się rozpocząć kolejna operacja: 153,9519681
Czy można pauzować?: False
Potrzebne materiały (ostatnia kolumna oznacza % postępu, w którym są potrzebne):
 0 0 0 0 0 89 0 0 0 0 0 0 0 0 0 0 0 0 0 0 0
Produkowane materiały (ostatnia kolumna oznacza % postępu, w którym są produkowane):
 0 0 0 0 0 78 0 0 0 0 0 0 0 0 0 0 0 0 0 0 0
Proces o id= 3
Priorytet: 8
Operacje wchodzące w skład procesu:

Operacja o id=13
Czas po którym musi się rozpocząć po zakończeniu poprzedniej: 100000
Czas po którym musi się rozpocząć kolejna operacja: 795,1921123
Czy można pauzować?: False
Potrzebne materiały (ostatnia kolumna oznacza % postępu, w którym są potrzebne):
 0 0 0 0 0 0 0 0 0 0 0 0 0 65 0 0 0 0 0 0 0
Produkowane materiały (ostatnia kolumna oznacza % postępu, w którym są produkowane):
 0 0 0 0 0 0 0 0 0 0 0 0 0 93 0 0 0 0 0 0 0

Operacja o id=6
Czas po którym musi się rozpocząć po zakończeniu poprzedniej: 100000
Czas po którym musi się rozpocząć kolejna operacja: 251,1746539
Czy można pauzować?: False
Potrzebne materiały (ostatnia kolumna oznacza % postępu, w którym są potrzebne):
 0 0 0 0 0 0 100 0 0 0 0 0 0 0 0 0 0 0 0 0 0
Produkowane materiały (ostatnia kolumna oznacza % postępu, w którym są produkowane):
 0 0 0 0 0 0 102 0 0 0 0 0 0 0 0 0 0 0 0 0 0

Operacja o id=12
Czas po którym musi się rozpocząć po zakończeniu poprzedniej: 100000
Czas po którym musi się rozpocząć kolejna operacja: 654,9783867
Czy można pauzować?: False
Potrzebne materiały (ostatnia kolumna oznacza % postępu, w którym są potrzebne):
 0 0 0 0 0 0 0 0 0 0 0 0 43 0 0 0 0 0 0 0 0
Produkowane materiały (ostatnia kolumna oznacza % postępu, w którym są produkowane):
 0 0 0 0 0 0 0 0 0 0 0 0 61 0 0 0 0 0 0 0 0

Operacja o id=7
Czas po którym musi się rozpocząć po zakończeniu poprzedniej: 100000
Czas po którym musi się rozpocząć kolejna operacja: 414,4539764
Czy można pauzować?: False
Potrzebne materiały (ostatnia kolumna oznacza % postępu, w którym są potrzebne):
 0 0 0 0 0 0 0 14 0 0 0 0 0 0 0 0 0 0 0 0 0
Produkowane materiały (ostatnia kolumna oznacza % postępu, w którym są produkowane):
 0 0 0 0 0 0 0 26 0 0 0 0 0 0 0 0 0 0 0 0 0
Proces o id= 4
Priorytet: 3
Operacje wchodzące w skład procesu:

Operacja o id=11
Czas po którym musi się rozpocząć po zakończeniu poprzedniej: 100000
Czas po którym musi się rozpocząć kolejna operacja: 887,8937818
Czy można pauzować?: False
Potrzebne materiały (ostatnia kolumna oznacza % postępu, w którym są potrzebne):
 0 0 0 0 0 0 0 0 0 0 0 94 0 0 0 0 0 0 0 0 0
Produkowane materiały (ostatnia kolumna oznacza % postępu, w którym są produkowane):
 0 0 0 0 0 0 0 0 0 0 0 11 0 0 0 0 0 0 0 0 0

Operacja o id=8
Czas po którym musi się rozpocząć po zakończeniu poprzedniej: 100000
Czas po którym musi się rozpocząć kolejna operacja: 304,8010948
Czy można pauzować?: False
Potrzebne materiały (ostatnia kolumna oznacza % postępu, w którym są potrzebne):
 0 0 0 0 0 0 0 0 13 0 0 0 0 0 0 0 0 0 0 0 0
Produkowane materiały (ostatnia kolumna oznacza % postępu, w którym są produkowane):
 0 0 0 0 0 0 0 0 41 0 0 0 0 0 0 0 0 0 0 0 0

Operacja o id=10
Czas po którym musi się rozpocząć po zakończeniu poprzedniej: 100000
Czas po którym musi się rozpocząć kolejna operacja: 325,7212412
Czy można pauzować?: False
Potrzebne materiały (ostatnia kolumna oznacza % postępu, w którym są potrzebne):
 0 0 0 0 0 0 0 0 0 0 107 0 0 0 0 0 0 0 0 0 0
Produkowane materiały (ostatnia kolumna oznacza % postępu, w którym są produkowane):
 0 0 0 0 0 0 0 0 0 0 67 0 0 0 0 0 0 0 0 0 0

Operacja o id=9
Czas po którym musi się rozpocząć po zakończeniu poprzedniej: 100000
Czas po którym musi się rozpocząć kolejna operacja: 129,3352872
Czy można pauzować?: False
Potrzebne materiały (ostatnia kolumna oznacza % postępu, w którym są potrzebne):
 0 0 0 0 0 0 0 0 0 10 0 0 0 0 0 0 0 0 0 0 0
Produkowane materiały (ostatnia kolumna oznacza % postępu, w którym są produkowane):
 0 0 0 0 0 0 0 0 0 86 0 0 0 0 0 0 0 0 0 0 0

Liczba produktów na początku procesu produkcyjnego: 94 103 93 96 97 98 96 92 103 90 94 90 106 98 92 105 105 105 101 103

Ustawienia algorytmów:
Algorytm genetyczny z algorytmem Johnsona
Populacja początkowa: 10000
Maksymalna populacja: 1000
Procent najlepszych osobników do reprodukcji: 10000
Procent mutowanych osobników: 2
Populacja początkowa: 1

Wagi: a:1000,c:0,5,d:0,5,e:1,f:1000,g:1000,t:1
