Iter,Best_Result
0,609.4213117407036
1,609.4213117407036
2,609.4213117407036
3,609.4213117407036
4,608.2783394687182
5,608.0785607940536
6,608.0785607940536
7,608.0785607940536
8,600.3189165151047
9,600.3189165151047
10,600.3189165151047
11,600.3189165151047
12,600.3189165151047
13,597.5189165151046
14,597.5189165151046
15,597.5189165151046
16,597.5189165151046
17,597.5189165151046
18,597.5189165151046
19,597.5189165151046
20,597.5189165151046
21,597.5189165151046
22,597.5189165151046
23,597.5189165151046
24,597.5189165151046
25,597.5189165151046
26,597.5189165151046
27,597.5189165151046
28,597.5189165151046
29,597.5189165151046
30,597.5189165151046
31,597.5189165151046
32,597.5189165151046
33,597.5189165151046
34,597.5189165151046
35,597.5189165151046
36,597.5189165151046
37,597.5189165151046
38,597.5189165151046
39,597.5189165151046
40,597.5189165151046
41,597.5189165151046
42,597.5189165151046
43,597.5189165151046
44,597.5189165151046
45,597.5189165151046
46,597.5189165151046
47,597.5189165151046
48,597.5189165151046
49,594.7597596000596
50,594.7597596000596
51,594.7597596000596
52,594.7597596000596
53,594.7597596000596
54,594.7597596000596
55,594.7597596000596
56,594.7597596000596
57,594.7597596000596
58,594.7597596000596
59,594.7597596000596
60,594.7597596000596
61,593.7903015624784
62,593.7903015624784
63,593.7903015624784
64,593.7903015624784
65,593.7903015624784
66,593.7903015624784
67,593.7903015624784
68,593.7903015624784
69,593.7903015624784
70,593.7903015624784
71,593.7903015624784
72,593.7903015624784
73,593.7903015624784
74,593.7903015624784
75,593.7903015624784
76,593.7903015624784
77,593.7903015624784
78,593.7903015624784
79,593.7903015624784
80,593.7903015624784
81,593.7903015624784
82,593.7903015624784
83,593.7903015624784
84,593.7903015624784
85,593.7903015624784
86,593.7903015624784
87,593.7903015624784
88,593.7903015624784
89,593.7903015624784
90,593.7903015624784
91,593.7903015624784
92,593.7903015624784
93,593.7903015624784
94,593.7903015624784
95,593.7903015624784
96,593.7903015624784
97,593.7903015624784
98,593.7903015624784
99,593.7903015624784
100,593.7903015624784
101,593.7903015624784
102,593.7903015624784
103,593.7903015624784
104,593.7903015624784
105,593.7903015624784
106,593.7903015624784
107,593.7903015624784
108,593.7903015624784
109,593.7903015624784
110,593.7903015624784
111,593.7903015624784
112,593.7903015624784
113,593.7903015624784
114,593.7903015624784
115,593.7903015624784
116,593.7903015624784
117,593.7903015624784
118,593.7903015624784
119,593.7903015624784
120,593.7903015624784
121,593.7903015624784
122,593.7903015624784
123,593.7903015624784
124,593.7903015624784
125,593.7903015624784
126,593.7903015624784
127,593.7903015624784
128,593.7903015624784
129,593.7903015624784
130,593.7903015624784
131,593.7903015624784
132,593.7903015624784
133,593.7903015624784
134,593.7903015624784
135,593.7903015624784
136,593.7903015624784
137,593.7903015624784
138,593.7903015624784
139,593.7903015624784
140,593.7903015624784
141,593.7903015624784
142,593.7903015624784
143,593.786762068236
144,593.786762068236
145,593.786762068236
146,593.786762068236
147,593.786762068236
148,593.786762068236
149,593.786762068236
150,593.786762068236
151,593.786762068236
152,593.786762068236
153,593.786762068236
154,593.786762068236
155,593.786762068236
156,593.786762068236
157,593.786762068236
158,593.786762068236
159,593.786762068236
160,593.786762068236
161,593.786762068236
162,593.786762068236
163,593.786762068236
164,593.786762068236
165,593.786762068236
166,593.786762068236
167,593.786762068236
168,593.538219223697
169,593.538219223697
170,593.538219223697
171,593.538219223697
172,593.538219223697
173,593.538219223697
174,593.538219223697
175,593.538219223697
176,593.538219223697
177,593.538219223697
178,593.538219223697
179,592.3107084194662
180,592.3107084194662
181,592.3107084194662
182,592.3107084194662
183,592.3107084194662
184,592.3107084194662
185,592.3107084194662
186,592.3107084194662
187,592.3107084194662
188,592.3107084194662
189,592.3107084194662
190,592.3107084194662
191,592.3107084194662
192,592.1831959665233
193,592.1831959665233
194,592.1831959665233
195,592.1831959665233
196,592.1831959665233
197,592.1831959665233
198,592.1831959665233
199,592.1831959665233
200,592.1831959665233
201,592.1831959665233
202,592.1831959665233
203,592.1831959665233
204,592.1831959665233
205,592.1831959665233
206,592.1831959665233
207,590.7831959665232
208,588.6831959665233
209,586.6675054657684
210,586.6675054657684
211,586.6675054657684
212,586.6675054657684
213,586.6675054657684
214,586.6675054657684
215,583.0038742543381
216,583.0038742543381
217,583.0038742543381
218,583.0038742543381
219,583.0038742543381
220,583.0038742543381
221,583.0038742543381
222,583.0038742543381
223,583.0038742543381
224,583.0038742543381
225,583.0038742543381
226,583.0038742543381
227,583.0038742543381
228,583.0038742543381
229,583.0038742543381
230,583.0038742543381
231,583.0038742543381
232,583.0038742543381
233,583.0038742543381
234,583.0038742543381
235,583.0038742543381
236,583.0038742543381
237,583.0038742543381
238,583.0038742543381
239,583.0038742543381
240,583.0038742543381
241,583.0038742543381
242,583.0038742543381
243,583.0038742543381
244,583.0038742543381
245,583.0038742543381
246,583.0038742543381
247,583.0038742543381
248,583.0038742543381
249,583.0038742543381
250,583.0038742543381
251,583.0038742543381
252,583.0038742543381
253,583.0038742543381
254,583.0038742543381
255,583.0038742543381
256,583.0038742543381
257,583.0038742543381
258,583.0038742543381
259,583.0038742543381
260,583.0038742543381
261,583.0038742543381
262,583.0038742543381
263,583.0038742543381
264,583.0038742543381
265,583.0038742543381
266,583.0038742543381
267,583.0038742543381
268,583.0038742543381
269,583.0038742543381
270,583.0038742543381
271,583.0038742543381
272,583.0038742543381
273,583.0038742543381
274,583.0038742543381
275,583.0038742543381
276,583.0038742543381
277,583.0038742543381
278,583.0038742543381
279,583.0038742543381
280,583.0038742543381
281,583.0038742543381
282,583.0038742543381
283,583.0038742543381
284,583.0038742543381
285,583.0038742543381
286,583.0038742543381
287,583.0038742543381
288,583.0038742543381
289,583.0038742543381
290,583.0038742543381
291,583.0038742543381
292,583.0038742543381
293,583.0038742543381
294,583.0038742543381
295,583.0038742543381
296,583.0038742543381
297,583.0038742543381
298,583.0038742543381
299,583.0038742543381
300,583.0038742543381
301,583.0038742543381
302,583.0038742543381
303,583.0038742543381
304,583.0038742543381
305,583.0038742543381
306,583.0038742543381
307,583.0038742543381
308,583.0038742543381
309,583.0038742543381
310,583.0038742543381
311,583.0038742543381
312,583.0038742543381
313,583.0038742543381
314,583.0038742543381
315,583.0038742543381
316,583.0038742543381
317,583.0038742543381
318,583.0038742543381
319,583.0038742543381
320,583.0038742543381
321,583.0038742543381
322,583.0038742543381
323,583.0038742543381
324,583.0038742543381
325,583.0038742543381
326,583.0038742543381
327,583.0038742543381
328,583.0038742543381
329,583.0038742543381
330,583.0038742543381
331,583.0038742543381
332,583.0038742543381
333,583.0038742543381
334,583.0038742543381
335,583.0038742543381
336,583.0038742543381
337,583.0038742543381
338,583.0038742543381
339,583.0038742543381
340,583.0038742543381
341,583.0038742543381
342,583.0038742543381
343,583.0038742543381
344,583.0038742543381
345,583.0038742543381
346,583.0038742543381
347,583.0038742543381
348,583.0038742543381
349,583.0038742543381
350,583.0038742543381
351,583.0038742543381
352,583.0038742543381
353,583.0038742543381
354,583.0038742543381
355,583.0038742543381
356,583.0038742543381
357,583.0038742543381
358,583.0038742543381
359,583.0038742543381
360,583.0038742543381
361,583.0038742543381
362,583.0038742543381
363,583.0038742543381
364,583.0038742543381
365,583.0038742543381
366,583.0038742543381
367,583.0038742543381
368,583.0038742543381
369,583.0038742543381
370,583.0038742543381
371,583.0038742543381
372,583.0038742543381
373,583.0038742543381
374,583.0038742543381
375,583.0038742543381
376,583.0038742543381
377,583.0038742543381
378,583.0038742543381
379,583.0038742543381
380,583.0038742543381
381,583.0038742543381
382,583.0038742543381
383,583.0038742543381
384,583.0038742543381
385,583.0038742543381
386,583.0038742543381
387,583.0038742543381
388,583.0038742543381
389,583.0038742543381
390,583.0038742543381
391,583.0038742543381
392,583.0038742543381
393,583.0038742543381
394,583.0038742543381
395,583.0038742543381
396,583.0038742543381
397,583.0038742543381
398,583.0038742543381
399,583.0038742543381
400,583.0038742543381
401,583.0038742543381
402,583.0038742543381
403,583.0038742543381
404,583.0038742543381
405,583.0038742543381
406,583.0038742543381
407,583.0038742543381
408,583.0038742543381
409,583.0038742543381
410,583.0038742543381
411,583.0038742543381
412,583.0038742543381
413,583.0038742543381
414,583.0038742543381
415,583.0038742543381
416,583.0038742543381
417,583.0038742543381
418,583.0038742543381
419,583.0038742543381
420,583.0038742543381
421,583.0038742543381
422,583.0038742543381
423,583.0038742543381
424,583.0038742543381
425,583.0038742543381
426,583.0038742543381
427,583.0038742543381
428,583.0038742543381
429,583.0038742543381
430,583.0038742543381
431,583.0038742543381
432,583.0038742543381
433,583.0038742543381
434,583.0038742543381
435,583.0038742543381
436,583.0038742543381
437,583.0038742543381
438,583.0038742543381
439,583.0038742543381
440,583.0038742543381
441,583.0038742543381
442,583.0038742543381
443,583.0038742543381
444,583.0038742543381
445,583.0038742543381
446,583.0038742543381
447,583.0038742543381
448,583.0038742543381
449,583.0038742543381
450,583.0038742543381
451,583.0038742543381
452,583.0038742543381
453,583.0038742543381
454,583.0038742543381
455,583.0038742543381
456,583.0038742543381
457,583.0038742543381
458,582.6356527912003
459,582.6356527912003
460,582.6356527912003
461,582.6356527912003
462,582.6356527912003
463,582.6356527912003
464,582.6356527912003
465,582.6356527912003
466,577.6347674806016
467,577.6347674806016
468,577.6347674806016
469,577.6347674806016
470,577.6347674806016
471,577.6347674806016
472,577.6347674806016
473,577.6347674806016
474,577.6347674806016
475,577.6347674806016
476,577.6347674806016
477,577.6347674806016
478,577.6347674806016
479,577.6347674806016
480,577.6347674806016
481,577.6347674806016
482,577.6347674806016
483,577.6347674806016
484,577.6347674806016
485,577.6347674806016
486,577.6347674806016
487,577.6347674806016
488,577.6347674806016
489,577.6347674806016
490,577.6347674806016
491,577.6347674806016
492,577.6347674806016
493,577.6347674806016
494,577.6347674806016
495,577.6347674806016
496,577.6347674806016
497,577.6347674806016
498,577.6347674806016
499,577.6347674806016
500,577.6347674806016
501,577.6347674806016
502,577.6347674806016
503,577.6347674806016
504,577.6347674806016
505,577.6347674806016
506,577.6347674806016
507,577.6347674806016
508,577.6347674806016
509,577.6347674806016
510,577.6347674806016
511,574.6569985901574
512,574.6569985901574
513,574.028178561832
514,574.028178561832
515,574.028178561832
516,574.028178561832
517,574.028178561832
518,574.028178561832
519,574.028178561832
520,574.028178561832
521,574.028178561832
522,569.0308794388131
523,569.0308794388131
524,569.0308794388131
525,569.0308794388131
526,569.0308794388131
527,569.0308794388131
528,569.0308794388131
529,569.0308794388131
530,569.0308794388131
531,569.0308794388131
532,569.0308794388131
533,569.0308794388131
534,569.0308794388131
535,569.0308794388131
536,569.0308794388131
537,569.0308794388131
538,569.0308794388131
539,569.0308794388131
540,569.0308794388131
541,569.0308794388131
542,569.0308794388131
543,569.0308794388131
544,569.0308794388131
545,569.0308794388131
546,569.0308794388131
547,569.0308794388131
548,569.0308794388131
549,569.0308794388131
550,569.0308794388131
551,569.0308794388131
552,569.0308794388131
553,569.0308794388131
554,569.0308794388131
555,569.0308794388131
556,569.0308794388131
557,569.0308794388131
558,569.0308794388131
559,569.0308794388131
560,569.0308794388131
561,569.0308794388131
562,569.0308794388131
563,569.0308794388131
564,569.0308794388131
565,569.0308794388131
566,569.0308794388131
567,569.0308794388131
568,569.0308794388131
569,569.0308794388131
570,569.0308794388131
571,569.0308794388131
572,569.0308794388131
573,569.0308794388131
574,569.0308794388131
575,569.0308794388131
576,569.0308794388131
577,569.0308794388131
578,569.0308794388131
579,569.0308794388131
580,569.0308794388131
581,568.052274703809
582,568.052274703809
583,568.052274703809
584,568.052274703809
585,568.052274703809
586,568.052274703809
587,568.052274703809
588,568.052274703809
589,568.052274703809
590,568.052274703809
591,568.052274703809
592,568.052274703809
593,568.052274703809
594,568.052274703809
595,568.052274703809
596,568.052274703809
597,568.052274703809
598,568.052274703809
599,568.052274703809
600,568.052274703809
601,568.052274703809
602,568.052274703809
603,568.052274703809
604,568.052274703809
605,568.052274703809
606,568.052274703809
607,568.052274703809
608,568.052274703809
609,568.052274703809
610,568.052274703809
611,568.052274703809
612,568.052274703809
613,568.052274703809
614,568.052274703809
615,567.5325626514236
616,567.5325626514236
617,567.5325626514236
618,567.5325626514236
619,567.5325626514236
620,567.5325626514236
621,567.5325626514236
622,567.5325626514236
623,567.5325626514236
624,567.5325626514236
625,567.5325626514236
626,567.5325626514236
627,567.5325626514236
628,567.5325626514236
629,567.5325626514236
630,567.5325626514236
631,567.5325626514236
632,567.5325626514236
633,567.5325626514236
634,567.5325626514236
635,567.5325626514236
636,567.5325626514236
637,567.5325626514236
638,567.5325626514236
639,567.5325626514236
640,567.5325626514236
641,567.5325626514236
642,567.5325626514236
643,567.5325626514236
644,567.5325626514236
645,567.5325626514236
646,567.5325626514236
647,567.5325626514236
648,567.5325626514236
649,567.5325626514236
650,567.5325626514236
651,567.352274703809
652,567.352274703809
653,567.352274703809
654,567.352274703809
655,567.352274703809
656,567.352274703809
657,567.352274703809
658,567.352274703809
659,567.352274703809
660,567.352274703809
661,567.352274703809
662,567.352274703809
663,567.352274703809
664,567.352274703809
665,567.352274703809
666,567.352274703809
667,567.352274703809
668,567.352274703809
669,567.352274703809
670,567.352274703809
671,567.352274703809
672,567.352274703809
673,567.352274703809
674,567.352274703809
675,567.352274703809
676,567.352274703809
677,567.352274703809
678,567.352274703809
679,567.352274703809
680,567.352274703809
681,567.352274703809
682,567.352274703809
683,567.352274703809
684,567.352274703809
685,567.352274703809
686,567.352274703809
687,567.352274703809
688,567.352274703809
689,567.352274703809
690,567.352274703809
691,567.352274703809
692,567.352274703809
693,567.352274703809
694,567.352274703809
695,567.352274703809
696,567.352274703809
697,567.352274703809
698,567.352274703809
699,567.352274703809
700,567.352274703809
701,567.352274703809
702,567.352274703809
703,567.352274703809
704,567.352274703809
705,567.352274703809
706,567.352274703809
707,567.352274703809
708,567.352274703809
709,567.352274703809
710,567.352274703809
711,567.352274703809
712,567.352274703809
713,567.352274703809
714,567.352274703809
715,567.352274703809
716,567.352274703809
717,567.352274703809
718,567.352274703809
719,567.352274703809
720,567.352274703809
721,567.352274703809
722,567.352274703809
723,567.352274703809
724,567.352274703809
725,567.352274703809
726,567.352274703809
727,567.352274703809
728,567.352274703809
729,567.352274703809
730,567.352274703809
731,567.352274703809
732,567.352274703809
733,567.352274703809
734,567.352274703809
735,567.352274703809
736,567.352274703809
737,567.352274703809
738,567.352274703809
739,567.352274703809
740,567.352274703809
741,567.352274703809
742,567.352274703809
743,565.0785072908538
744,565.0785072908538
745,565.0785072908538
746,565.0785072908538
747,565.0785072908538
748,565.0785072908538
749,565.0785072908538
750,565.0785072908538
751,565.0785072908538
752,565.0785072908538
753,565.0785072908538
754,565.0785072908538
755,565.0785072908538
756,565.0785072908538
757,565.0785072908538
758,565.0785072908538
759,565.0785072908538
760,565.0785072908538
761,565.0785072908538
762,565.0785072908538
763,565.0785072908538
764,565.0785072908538
765,565.0785072908538
766,565.0785072908538
767,565.0785072908538
768,565.0785072908538
769,565.0785072908538
770,565.0785072908538
771,565.0785072908538
772,565.0785072908538
773,565.0785072908538
774,565.0785072908538
775,565.0785072908538
776,565.0785072908538
777,565.0785072908538
778,565.0785072908538
779,565.0785072908538
780,565.0785072908538
781,565.0785072908538
782,565.0785072908538
783,565.0785072908538
784,565.0785072908538
785,565.0785072908538
786,565.0785072908538
787,565.0785072908538
788,565.0785072908538
789,565.0785072908538
790,565.0785072908538
791,565.0785072908538
792,565.0785072908538
793,565.0785072908538
794,565.0785072908538
795,565.0785072908538
796,565.0785072908538
797,565.0785072908538
798,565.0785072908538
799,565.0785072908538
800,565.0785072908538
801,565.0785072908538
802,565.0785072908538
803,565.0785072908538
804,565.0785072908538
805,565.0785072908538
806,565.0785072908538
807,565.0785072908538
808,565.0785072908538
809,565.0785072908538
810,565.0785072908538
811,565.0785072908538
812,565.0785072908538
813,565.0785072908538
814,565.0785072908538
815,565.0785072908538
816,565.0785072908538
817,565.0785072908538
818,565.0785072908538
819,565.0785072908538
820,565.0785072908538
821,565.0785072908538
822,565.0785072908538
823,565.0785072908538
824,565.0785072908538
825,565.0785072908538
826,565.0785072908538
827,565.0785072908538
828,565.0785072908538
829,565.0785072908538
830,565.0785072908538
831,565.0785072908538
832,565.0785072908538
833,565.0785072908538
834,565.0785072908538
835,565.0785072908538
836,565.0785072908538
837,565.0785072908538
838,565.0785072908538
839,565.0785072908538
840,565.0785072908538
841,565.0785072908538
842,565.0785072908538
843,565.0785072908538
844,565.0785072908538
845,565.0785072908538
846,565.0785072908538
847,565.0785072908538
848,565.0785072908538
849,565.0785072908538
850,565.0785072908538
851,565.0785072908538
852,565.0785072908538
853,565.0785072908538
854,565.0785072908538
855,565.0785072908538
856,565.0785072908538
857,565.0785072908538
858,565.0785072908538
859,565.0785072908538
860,565.0785072908538
861,565.0785072908538
862,565.0785072908538
863,565.0785072908538
864,565.0785072908538
865,565.0785072908538
866,565.0785072908538
867,565.0785072908538
868,565.0785072908538
869,565.0785072908538
870,565.0785072908538
871,565.0785072908538
872,565.0785072908538
873,565.0785072908538
874,565.0785072908538
875,565.0785072908538
876,565.0785072908538
877,565.0785072908538
878,565.0785072908538
879,565.0785072908538
880,565.0785072908538
881,565.0785072908538
882,565.0785072908538
883,565.0785072908538
884,565.0785072908538
885,565.0785072908538
886,565.0785072908538
887,565.0785072908538
888,565.0785072908538
889,565.0785072908538
890,565.0785072908538
891,565.0785072908538
892,565.0785072908538
893,565.0785072908538
894,565.0785072908538
895,565.0785072908538
896,565.0785072908538
897,565.0785072908538
898,565.0785072908538
899,565.0785072908538
900,565.0785072908538
901,565.0785072908538
902,565.0785072908538
903,565.0785072908538
904,565.0785072908538
905,565.0785072908538
906,565.0785072908538
907,565.0785072908538
908,565.0785072908538
909,565.0785072908538
910,565.0785072908538
911,565.0785072908538
912,565.0785072908538
913,565.0785072908538
914,565.0785072908538
915,565.0785072908538
916,565.0785072908538
917,565.0785072908538
918,565.0785072908538
919,565.0785072908538
920,565.0785072908538
921,565.0785072908538
922,565.0785072908538
923,565.0785072908538
924,565.0785072908538
925,565.0785072908538
926,565.0785072908538
927,565.0785072908538
928,565.0785072908538
929,565.0785072908538
930,565.0785072908538
931,565.0785072908538
932,565.0785072908538
933,565.0785072908538
934,565.0785072908538
935,565.0785072908538
936,565.0785072908538
937,565.0785072908538
938,565.0785072908538
939,565.0785072908538
940,565.0785072908538
941,565.0785072908538
942,565.0785072908538
943,565.0785072908538
944,565.0785072908538
945,565.0785072908538
946,565.0785072908538
947,565.0785072908538
948,565.0785072908538
949,565.0785072908538
950,565.0785072908538
951,565.0785072908538
952,565.0785072908538
953,565.0785072908538
954,565.0785072908538
955,565.0785072908538
956,565.0785072908538
957,565.0785072908538
958,565.0785072908538
959,565.0785072908538
960,565.0785072908538
961,565.0785072908538
962,565.0785072908538
963,565.0785072908538
964,565.0785072908538
965,565.0785072908538
966,565.0785072908538
967,565.0785072908538
968,565.0785072908538
969,565.0785072908538
970,565.0785072908538
971,565.0785072908538
972,565.0785072908538
973,565.0785072908538
974,565.0785072908538
975,565.0785072908538
976,565.0785072908538
977,565.0785072908538
978,565.0785072908538
979,565.0785072908538
980,565.0785072908538
981,565.0785072908538
982,565.0785072908538
983,565.0785072908538
984,565.0785072908538
985,565.0785072908538
986,565.0785072908538
987,565.0785072908538
988,565.0785072908538
989,565.0785072908538
990,565.0785072908538
991,565.0785072908538
992,565.0785072908538
993,565.0785072908538
994,565.0785072908538
995,565.0785072908538
996,565.0785072908538
997,565.0785072908538
998,565.0785072908538
999,565.0785072908538
