Iter,Best_Result
0,195.5978377441161
1,195.5978377441161
2,195.5978377441161
3,195.5978377441161
4,195.5978377441161
5,195.5978377441161
6,195.5978377441161
7,195.5978377441161
8,195.5978377441161
9,195.5978377441161
10,191.93807261867113
11,191.93807261867113
12,191.93807261867113
13,191.93807261867113
14,191.93807261867113
15,191.93807261867113
16,191.93807261867113
17,191.93807261867113
18,191.93807261867113
19,191.93807261867113
20,191.93807261867113
21,191.93807261867113
22,191.93807261867113
23,191.93807261867113
24,191.93807261867113
25,191.93807261867113
26,191.93807261867113
27,191.93807261867113
28,191.93807261867113
29,191.93807261867113
30,191.93807261867113
31,191.93807261867113
32,191.93807261867113
33,191.93807261867113
34,191.93807261867113
35,191.93807261867113
36,191.93807261867113
37,191.93807261867113
38,191.93807261867113
39,191.93807261867113
40,191.93807261867113
41,191.93807261867113
42,191.93807261867113
43,191.93807261867113
44,191.93807261867113
45,191.93807261867113
46,191.93807261867113
47,191.93807261867113
48,191.93807261867113
49,191.93807261867113
50,191.93807261867113
51,191.93807261867113
52,191.93807261867113
53,191.93807261867113
54,191.93807261867113
55,191.93807261867113
56,191.93807261867113
57,191.93807261867113
58,191.93807261867113
59,191.93807261867113
60,191.93807261867113
61,191.93807261867113
62,191.93807261867113
63,191.93807261867113
64,191.93807261867113
65,191.93807261867113
66,191.93807261867113
67,191.93807261867113
68,191.93807261867113
69,191.93807261867113
70,191.93807261867113
71,191.93807261867113
72,191.93807261867113
73,191.93807261867113
74,191.93807261867113
75,191.93807261867113
76,191.93807261867113
77,191.93807261867113
78,191.93807261867113
79,191.93807261867113
80,191.93807261867113
81,191.93807261867113
82,191.93807261867113
83,191.93807261867113
84,191.93807261867113
85,191.93807261867113
86,191.93807261867113
87,191.93807261867113
88,191.93807261867113
89,191.93807261867113
90,191.93807261867113
91,191.93807261867113
92,191.93807261867113
93,191.93807261867113
94,191.93807261867113
95,191.93807261867113
96,191.93807261867113
97,191.93807261867113
98,191.93807261867113
99,191.93807261867113
100,191.93807261867113
101,191.93807261867113
102,191.93807261867113
103,191.93807261867113
104,191.93807261867113
105,191.93807261867113
106,191.93807261867113
107,191.93807261867113
108,191.93807261867113
109,191.93807261867113
110,191.93807261867113
111,191.93807261867113
112,191.93807261867113
113,191.93807261867113
114,191.93807261867113
115,191.93807261867113
116,191.93807261867113
117,191.93807261867113
118,191.93807261867113
119,191.93807261867113
120,191.93807261867113
121,191.93807261867113
122,191.93807261867113
123,191.93807261867113
124,191.93807261867113
125,191.93807261867113
126,191.93807261867113
127,191.93807261867113
128,191.93807261867113
129,191.93807261867113
130,191.93807261867113
131,191.93807261867113
132,191.93807261867113
133,191.93807261867113
134,191.93807261867113
135,191.93807261867113
136,191.93807261867113
137,191.93807261867113
138,191.93807261867113
139,191.93807261867113
140,191.93807261867113
141,191.93807261867113
142,191.93807261867113
143,191.93807261867113
144,191.93807261867113
145,191.93807261867113
146,191.93807261867113
147,191.93807261867113
148,191.93807261867113
149,191.93807261867113
150,191.93807261867113
151,191.93807261867113
152,191.93807261867113
153,191.93807261867113
154,191.93807261867113
155,191.93807261867113
156,191.93807261867113
157,191.93807261867113
158,191.93807261867113
159,191.93807261867113
160,191.93807261867113
161,191.93807261867113
162,191.93807261867113
163,191.93807261867113
164,191.93807261867113
165,191.93807261867113
166,191.93807261867113
167,191.93807261867113
168,191.93807261867113
169,191.93807261867113
170,191.93807261867113
171,191.93807261867113
172,191.93807261867113
173,191.93807261867113
174,191.93807261867113
175,191.93807261867113
176,191.93807261867113
177,191.93807261867113
178,191.93807261867113
179,191.93807261867113
180,191.93807261867113
181,191.93807261867113
182,191.93807261867113
183,191.93807261867113
184,191.93807261867113
185,191.93807261867113
186,191.93807261867113
187,191.93807261867113
188,191.93807261867113
189,191.93807261867113
190,191.93807261867113
191,191.93807261867113
192,191.93807261867113
193,191.93807261867113
194,191.93807261867113
195,191.93807261867113
196,191.93807261867113
197,191.93807261867113
198,191.93807261867113
199,191.93807261867113
200,191.93807261867113
201,191.93807261867113
202,191.93807261867113
203,191.93807261867113
204,191.93807261867113
205,191.93807261867113
206,191.93807261867113
207,191.93807261867113
208,191.93807261867113
209,191.93807261867113
210,191.93807261867113
211,191.93807261867113
212,191.93807261867113
213,191.93807261867113
214,191.93807261867113
215,191.93807261867113
216,191.93807261867113
217,191.93807261867113
218,191.93807261867113
219,191.93807261867113
220,191.93807261867113
221,191.93807261867113
222,191.93807261867113
223,191.93807261867113
224,191.93807261867113
225,191.93807261867113
226,191.93807261867113
227,191.93807261867113
228,191.93807261867113
229,191.93807261867113
230,191.93807261867113
231,191.93807261867113
232,191.93807261867113
233,191.93807261867113
234,191.93807261867113
235,191.93807261867113
236,191.93807261867113
237,191.93807261867113
238,191.93807261867113
239,191.93807261867113
240,191.93807261867113
241,191.93807261867113
242,191.93807261867113
243,191.93807261867113
244,191.93807261867113
245,191.93807261867113
246,191.93807261867113
247,191.93807261867113
248,191.93807261867113
249,191.93807261867113
250,191.93807261867113
251,191.93807261867113
252,191.93807261867113
253,191.93807261867113
254,191.93807261867113
255,191.93807261867113
256,191.93807261867113
257,191.93807261867113
258,191.93807261867113
259,191.93807261867113
260,191.93807261867113
261,191.93807261867113
262,191.93807261867113
263,191.93807261867113
264,191.93807261867113
265,191.93807261867113
266,191.93807261867113
267,191.93807261867113
268,191.93807261867113
269,191.93807261867113
270,191.93807261867113
271,191.93807261867113
272,191.93807261867113
273,191.93807261867113
274,191.93807261867113
275,191.93807261867113
276,191.93807261867113
277,191.93807261867113
278,191.93807261867113
279,191.93807261867113
280,191.93807261867113
281,191.93807261867113
282,191.93807261867113
283,191.93807261867113
284,191.93807261867113
285,191.93807261867113
286,191.93807261867113
287,191.93807261867113
288,191.93807261867113
289,191.93807261867113
290,191.93807261867113
291,191.93807261867113
292,191.93807261867113
293,191.93807261867113
294,191.93807261867113
295,191.93807261867113
296,191.93807261867113
297,191.93807261867113
298,191.93807261867113
299,191.93807261867113
300,191.93807261867113
301,191.93807261867113
302,191.93807261867113
303,191.93807261867113
304,191.93807261867113
305,191.93807261867113
306,191.93807261867113
307,191.93807261867113
308,191.93807261867113
309,191.93807261867113
310,191.93807261867113
311,191.93807261867113
312,191.93807261867113
313,191.93807261867113
314,191.93807261867113
315,191.93807261867113
316,191.93807261867113
317,191.93807261867113
318,191.93807261867113
319,191.93807261867113
320,191.93807261867113
321,191.93807261867113
322,191.93807261867113
323,191.93807261867113
324,191.93807261867113
325,191.93807261867113
326,191.93807261867113
327,191.93807261867113
328,191.93807261867113
329,191.93807261867113
330,191.93807261867113
331,191.93807261867113
332,191.93807261867113
333,191.93807261867113
334,191.93807261867113
335,191.93807261867113
336,191.93807261867113
337,191.93807261867113
338,191.93807261867113
339,191.93807261867113
340,191.93807261867113
341,191.93807261867113
342,191.93807261867113
343,191.93807261867113
344,191.93807261867113
345,191.93807261867113
346,191.93807261867113
347,191.93807261867113
348,191.93807261867113
349,191.93807261867113
350,191.93807261867113
351,191.93807261867113
352,191.93807261867113
353,191.93807261867113
354,191.93807261867113
355,191.93807261867113
356,191.93807261867113
357,191.93807261867113
358,191.93807261867113
359,191.93807261867113
360,191.93807261867113
361,191.93807261867113
362,191.93807261867113
363,191.93807261867113
364,191.93807261867113
365,191.93807261867113
366,191.93807261867113
367,191.93807261867113
368,191.93807261867113
369,191.93807261867113
370,191.93807261867113
371,191.93807261867113
372,191.93807261867113
373,191.93807261867113
374,191.93807261867113
375,191.93807261867113
376,191.93807261867113
377,191.93807261867113
378,191.93807261867113
379,191.93807261867113
380,191.93807261867113
381,191.93807261867113
382,191.93807261867113
383,191.93807261867113
384,191.93807261867113
385,191.93807261867113
386,191.93807261867113
387,191.93807261867113
388,191.93807261867113
389,191.93807261867113
390,191.93807261867113
391,191.93807261867113
392,191.93807261867113
393,191.93807261867113
394,191.93807261867113
395,191.93807261867113
396,191.93807261867113
397,191.93807261867113
398,191.93807261867113
399,191.93807261867113
400,191.93807261867113
401,191.93807261867113
402,191.93807261867113
403,191.93807261867113
404,191.93807261867113
405,191.93807261867113
406,191.93807261867113
407,191.93807261867113
408,191.93807261867113
409,191.93807261867113
410,191.93807261867113
411,191.93807261867113
412,191.93807261867113
413,191.93807261867113
414,191.93807261867113
415,191.93807261867113
416,191.93807261867113
417,191.93807261867113
418,191.93807261867113
419,191.93807261867113
420,191.93807261867113
421,191.93807261867113
422,191.93807261867113
423,191.93807261867113
424,191.93807261867113
425,191.93807261867113
426,191.93807261867113
427,191.93807261867113
428,191.93807261867113
429,191.93807261867113
430,191.93807261867113
431,191.93807261867113
432,191.93807261867113
433,191.93807261867113
434,191.93807261867113
435,191.93807261867113
436,191.93807261867113
437,191.93807261867113
438,191.93807261867113
439,191.93807261867113
440,191.93807261867113
441,191.93807261867113
442,191.93807261867113
443,191.93807261867113
444,191.93807261867113
445,191.93807261867113
446,191.93807261867113
447,191.93807261867113
448,191.93807261867113
449,191.93807261867113
450,191.93807261867113
451,191.93807261867113
452,191.93807261867113
453,191.93807261867113
454,191.93807261867113
455,191.93807261867113
456,191.93807261867113
457,191.93807261867113
458,191.93807261867113
459,191.93807261867113
460,191.93807261867113
461,191.93807261867113
462,191.93807261867113
463,191.93807261867113
464,191.93807261867113
465,191.93807261867113
466,191.93807261867113
467,191.93807261867113
468,191.93807261867113
469,191.93807261867113
470,191.93807261867113
471,191.93807261867113
472,191.93807261867113
473,191.93807261867113
474,191.93807261867113
475,191.93807261867113
476,191.93807261867113
477,191.93807261867113
478,191.93807261867113
479,191.93807261867113
480,191.93807261867113
481,191.93807261867113
482,191.93807261867113
483,191.93807261867113
484,191.93807261867113
485,191.93807261867113
486,191.93807261867113
487,191.93807261867113
488,191.93807261867113
489,191.93807261867113
490,191.93807261867113
491,191.93807261867113
492,191.93807261867113
493,191.93807261867113
494,191.93807261867113
495,191.93807261867113
496,191.93807261867113
497,191.93807261867113
498,191.93807261867113
499,191.93807261867113
500,191.93807261867113
501,191.93807261867113
502,191.93807261867113
503,191.93807261867113
504,191.93807261867113
505,191.93807261867113
506,191.93807261867113
507,191.93807261867113
508,191.93807261867113
509,191.93807261867113
510,191.93807261867113
511,191.93807261867113
512,191.93807261867113
513,191.93807261867113
514,191.93807261867113
515,191.93807261867113
516,191.93807261867113
517,191.93807261867113
518,191.93807261867113
519,191.93807261867113
520,191.93807261867113
521,191.93807261867113
522,191.93807261867113
523,191.93807261867113
524,191.93807261867113
525,191.93807261867113
526,191.93807261867113
527,191.93807261867113
528,191.93807261867113
529,191.93807261867113
530,191.93807261867113
531,191.93807261867113
532,191.93807261867113
533,191.93807261867113
534,191.93807261867113
535,191.93807261867113
536,191.93807261867113
537,191.93807261867113
538,191.93807261867113
539,191.93807261867113
540,191.93807261867113
541,191.93807261867113
542,191.93807261867113
543,191.93807261867113
544,191.93807261867113
545,191.93807261867113
546,191.93807261867113
547,191.93807261867113
548,191.93807261867113
549,191.93807261867113
550,191.93807261867113
551,191.93807261867113
552,191.93807261867113
553,191.93807261867113
554,191.93807261867113
555,191.93807261867113
556,191.93807261867113
557,191.93807261867113
558,191.93807261867113
559,191.93807261867113
560,191.93807261867113
561,191.93807261867113
562,191.93807261867113
563,191.93807261867113
564,191.93807261867113
565,191.93807261867113
566,191.93807261867113
567,191.93807261867113
568,191.93807261867113
569,191.93807261867113
570,191.93807261867113
571,191.93807261867113
572,191.93807261867113
573,191.93807261867113
574,191.93807261867113
575,191.93807261867113
576,191.93807261867113
577,191.93807261867113
578,191.93807261867113
579,191.93807261867113
580,191.93807261867113
581,191.93807261867113
582,191.93807261867113
583,191.93807261867113
584,191.93807261867113
585,191.93807261867113
586,191.93807261867113
587,191.93807261867113
588,191.93807261867113
589,191.93807261867113
590,191.93807261867113
591,191.93807261867113
592,191.93807261867113
593,191.93807261867113
594,191.93807261867113
595,191.93807261867113
596,191.93807261867113
597,191.93807261867113
598,191.93807261867113
599,191.93807261867113
600,191.93807261867113
601,191.93807261867113
602,191.93807261867113
603,191.93807261867113
604,191.93807261867113
605,191.93807261867113
606,191.93807261867113
607,191.93807261867113
608,191.93807261867113
609,191.93807261867113
610,191.93807261867113
611,191.93807261867113
612,191.93807261867113
613,191.93807261867113
614,191.93807261867113
615,191.93807261867113
616,191.93807261867113
617,191.93807261867113
618,191.93807261867113
619,191.93807261867113
620,191.93807261867113
621,191.93807261867113
622,191.93807261867113
623,191.93807261867113
624,191.93807261867113
625,191.93807261867113
626,191.93807261867113
627,191.93807261867113
628,191.93807261867113
629,191.93807261867113
630,191.93807261867113
631,191.93807261867113
632,191.93807261867113
633,191.93807261867113
634,191.93807261867113
635,191.93807261867113
636,191.93807261867113
637,191.93807261867113
638,191.93807261867113
639,191.93807261867113
640,191.93807261867113
641,191.93807261867113
642,191.93807261867113
643,191.93807261867113
644,191.93807261867113
645,191.93807261867113
646,191.93807261867113
647,191.93807261867113
648,191.93807261867113
649,191.93807261867113
650,191.93807261867113
651,191.93807261867113
652,191.93807261867113
653,191.93807261867113
654,191.93807261867113
655,191.93807261867113
656,191.93807261867113
657,191.93807261867113
658,191.93807261867113
659,191.93807261867113
660,191.93807261867113
661,191.93807261867113
662,191.93807261867113
663,191.93807261867113
664,191.93807261867113
665,191.93807261867113
666,191.93807261867113
667,191.93807261867113
668,191.93807261867113
669,191.93807261867113
670,191.93807261867113
671,191.93807261867113
672,191.93807261867113
673,191.93807261867113
674,191.93807261867113
675,191.93807261867113
676,191.93807261867113
677,191.93807261867113
678,191.93807261867113
679,191.93807261867113
680,191.93807261867113
681,191.93807261867113
682,191.93807261867113
683,191.93807261867113
684,191.93807261867113
685,191.93807261867113
686,191.93807261867113
687,191.93807261867113
688,191.93807261867113
689,191.93807261867113
690,191.93807261867113
691,191.93807261867113
692,191.93807261867113
693,191.93807261867113
694,191.93807261867113
695,191.93807261867113
696,191.93807261867113
697,191.93807261867113
698,191.93807261867113
699,191.93807261867113
700,191.93807261867113
701,191.93807261867113
702,191.93807261867113
703,191.93807261867113
704,191.93807261867113
705,191.93807261867113
706,191.93807261867113
707,191.93807261867113
708,191.93807261867113
709,191.93807261867113
710,191.93807261867113
711,191.93807261867113
712,191.93807261867113
713,191.93807261867113
714,191.93807261867113
715,191.93807261867113
716,191.93807261867113
717,191.93807261867113
718,191.93807261867113
719,191.93807261867113
720,191.93807261867113
721,191.93807261867113
722,191.93807261867113
723,191.93807261867113
724,191.93807261867113
725,191.93807261867113
726,191.93807261867113
727,191.93807261867113
728,191.93807261867113
729,191.93807261867113
730,191.93807261867113
731,191.93807261867113
732,191.93807261867113
733,191.93807261867113
734,191.93807261867113
735,191.93807261867113
736,191.93807261867113
737,191.93807261867113
738,191.93807261867113
739,191.93807261867113
740,191.93807261867113
741,191.93807261867113
742,191.93807261867113
743,191.93807261867113
744,191.93807261867113
745,191.93807261867113
746,191.93807261867113
747,191.93807261867113
748,191.93807261867113
749,191.93807261867113
750,191.93807261867113
751,191.93807261867113
752,191.93807261867113
753,191.93807261867113
754,191.93807261867113
755,191.93807261867113
756,191.93807261867113
757,191.93807261867113
758,191.93807261867113
759,191.93807261867113
760,191.93807261867113
761,191.93807261867113
762,191.93807261867113
763,191.93807261867113
764,191.93807261867113
765,191.93807261867113
766,191.93807261867113
767,191.93807261867113
768,191.93807261867113
769,191.93807261867113
770,191.93807261867113
771,191.93807261867113
772,191.93807261867113
773,191.93807261867113
774,191.93807261867113
775,191.93807261867113
776,191.93807261867113
777,191.93807261867113
778,191.93807261867113
779,191.93807261867113
780,191.93807261867113
781,191.93807261867113
782,191.93807261867113
783,191.93807261867113
784,191.93807261867113
785,191.93807261867113
786,191.93807261867113
787,191.93807261867113
788,191.93807261867113
789,191.93807261867113
790,191.93807261867113
791,191.93807261867113
792,191.93807261867113
793,191.93807261867113
794,191.93807261867113
795,191.93807261867113
796,191.93807261867113
797,191.93807261867113
798,191.93807261867113
799,191.93807261867113
800,191.93807261867113
801,191.93807261867113
802,191.93807261867113
803,191.93807261867113
804,191.93807261867113
805,191.93807261867113
806,191.93807261867113
807,191.93807261867113
808,191.93807261867113
809,191.93807261867113
810,191.93807261867113
811,191.93807261867113
812,191.93807261867113
813,191.93807261867113
814,191.93807261867113
815,191.93807261867113
816,191.93807261867113
817,191.93807261867113
818,191.93807261867113
819,191.93807261867113
820,191.93807261867113
821,191.93807261867113
822,191.93807261867113
823,191.93807261867113
824,191.93807261867113
825,191.93807261867113
826,191.93807261867113
827,191.93807261867113
828,191.93807261867113
829,191.93807261867113
830,191.93807261867113
831,191.93807261867113
832,191.93807261867113
833,191.93807261867113
834,191.93807261867113
835,191.93807261867113
836,191.93807261867113
837,191.93807261867113
838,191.93807261867113
839,191.93807261867113
840,191.93807261867113
841,191.93807261867113
842,191.93807261867113
843,191.93807261867113
844,191.93807261867113
845,191.93807261867113
846,191.93807261867113
847,191.93807261867113
848,191.93807261867113
849,191.93807261867113
850,191.93807261867113
851,191.93807261867113
852,191.93807261867113
853,191.93807261867113
854,191.93807261867113
855,191.93807261867113
856,191.93807261867113
857,191.93807261867113
858,191.93807261867113
859,191.93807261867113
860,191.93807261867113
861,191.93807261867113
862,191.93807261867113
863,191.93807261867113
864,191.93807261867113
865,191.93807261867113
866,191.93807261867113
867,191.93807261867113
868,191.93807261867113
869,191.93807261867113
870,191.93807261867113
871,191.93807261867113
872,191.93807261867113
873,191.93807261867113
874,191.93807261867113
875,191.93807261867113
876,191.93807261867113
877,191.93807261867113
878,191.93807261867113
879,191.93807261867113
880,191.93807261867113
881,191.93807261867113
882,191.93807261867113
883,191.93807261867113
884,191.93807261867113
885,191.93807261867113
886,191.93807261867113
887,191.93807261867113
888,191.93807261867113
889,191.93807261867113
890,191.93807261867113
891,191.93807261867113
892,191.93807261867113
893,191.93807261867113
894,191.93807261867113
895,191.93807261867113
896,191.93807261867113
897,191.93807261867113
898,191.93807261867113
899,191.93807261867113
900,191.93807261867113
901,191.93807261867113
902,191.93807261867113
903,191.93807261867113
904,191.93807261867113
905,191.93807261867113
906,191.93807261867113
907,191.93807261867113
908,191.93807261867113
909,191.93807261867113
910,191.93807261867113
911,191.93807261867113
912,191.93807261867113
913,191.93807261867113
914,191.93807261867113
915,191.93807261867113
916,191.93807261867113
917,191.93807261867113
918,191.93807261867113
919,191.93807261867113
920,191.93807261867113
921,191.93807261867113
922,191.93807261867113
923,191.93807261867113
924,191.93807261867113
925,191.93807261867113
926,191.93807261867113
927,191.93807261867113
928,191.93807261867113
929,191.93807261867113
930,191.93807261867113
931,191.93807261867113
932,191.93807261867113
933,191.93807261867113
934,191.93807261867113
935,191.93807261867113
936,191.93807261867113
937,191.93807261867113
938,191.93807261867113
939,191.93807261867113
940,191.93807261867113
941,191.93807261867113
942,191.93807261867113
943,191.93807261867113
944,191.93807261867113
945,191.93807261867113
946,191.93807261867113
947,191.93807261867113
948,191.93807261867113
949,191.93807261867113
950,191.93807261867113
951,191.93807261867113
952,191.93807261867113
953,191.93807261867113
954,191.93807261867113
955,191.93807261867113
956,191.93807261867113
957,191.93807261867113
958,191.93807261867113
959,191.93807261867113
960,191.93807261867113
961,191.93807261867113
962,191.93807261867113
963,191.93807261867113
964,191.93807261867113
965,191.93807261867113
966,191.93807261867113
967,191.93807261867113
968,191.93807261867113
969,191.93807261867113
970,191.93807261867113
971,191.93807261867113
972,191.93807261867113
973,191.93807261867113
974,191.93807261867113
975,191.93807261867113
976,191.93807261867113
977,191.93807261867113
978,191.93807261867113
979,191.93807261867113
980,191.93807261867113
981,191.93807261867113
982,191.93807261867113
983,191.93807261867113
984,191.93807261867113
985,191.93807261867113
986,191.93807261867113
987,191.93807261867113
988,191.93807261867113
989,191.93807261867113
990,191.93807261867113
991,191.93807261867113
992,191.93807261867113
993,191.93807261867113
994,191.93807261867113
995,191.93807261867113
996,191.93807261867113
997,191.93807261867113
998,191.93807261867113
999,191.93807261867113
