Iter,Best_Result
0,76.36628006052
1,76.36628006052
2,76.36628006052
3,76.36628006052
4,76.36628006052
5,76.36628006052
6,76.36628006052
7,76.36628006052
8,76.36628006052
9,76.36628006052
10,76.36628006052
11,76.36628006052
12,76.36628006052
13,76.36628006052
14,76.36628006052
15,76.36628006052
16,76.36628006052
17,76.36628006052
18,76.36628006052
19,76.36628006052
20,76.36628006052
21,76.36628006052
22,76.36628006052
23,76.36628006052
24,76.36628006052
25,76.36628006052
26,76.36628006052
27,76.36628006052
28,76.36628006052
29,76.36628006052
30,76.36628006052
31,76.36628006052
32,76.36628006052
33,76.36628006052
34,76.36628006052
35,76.36628006052
36,76.36628006052
37,76.36628006052
38,76.36628006052
39,76.36628006052
40,76.36628006052
41,76.36628006052
42,76.36628006052
43,76.36628006052
44,76.36628006052
45,76.36628006052
46,76.36628006052
47,76.36628006052
48,76.36628006052
49,76.36628006052
50,76.36628006052
51,76.36628006052
52,76.36628006052
53,76.36628006052
54,76.36628006052
55,76.36628006052
56,76.36628006052
57,76.36628006052
58,76.36628006052
59,76.36628006052
60,76.36628006052
61,76.36628006052
62,76.36628006052
63,76.36628006052
64,76.36628006052
65,76.36628006052
66,76.36628006052
67,76.36628006052
68,76.36628006052
69,76.36628006052
70,76.36628006052
71,76.36628006052
72,76.36628006052
73,76.36628006052
74,76.36628006052
75,76.36628006052
76,76.36628006052
77,76.36628006052
78,76.36628006052
79,76.36628006052
80,76.36628006052
81,76.36628006052
82,76.36628006052
83,76.36628006052
84,76.36628006052
85,76.36628006052
86,76.36628006052
87,76.36628006052
88,76.36628006052
89,76.36628006052
90,76.36628006052
91,76.36628006052
92,76.36628006052
93,76.36628006052
94,76.36628006052
95,76.36628006052
96,76.36628006052
97,76.36628006052
98,76.36628006052
99,76.36628006052
100,76.36628006052
101,76.36628006052
102,76.36628006052
103,76.36628006052
104,76.36628006052
105,76.36628006052
106,76.36628006052
107,76.36628006052
108,76.36628006052
109,76.36628006052
110,76.36628006052
111,76.36628006052
112,76.36628006052
113,76.36628006052
114,76.36628006052
115,76.36628006052
116,76.36628006052
117,76.36628006052
118,76.36628006052
119,76.36628006052
120,76.36628006052
121,76.36628006052
122,76.36628006052
123,76.36628006052
124,76.36628006052
125,76.36628006052
126,76.36628006052
127,76.36628006052
128,76.36628006052
129,76.36628006052
130,76.36628006052
131,76.36628006052
132,76.36628006052
133,76.36628006052
134,76.36628006052
135,76.36628006052
136,76.36628006052
137,76.36628006052
138,76.36628006052
139,76.36628006052
140,76.36628006052
141,76.36628006052
142,76.36628006052
143,76.36628006052
144,76.36628006052
145,76.36628006052
146,76.36628006052
147,76.36628006052
148,76.36628006052
149,76.36628006052
150,76.36628006052
151,76.36628006052
152,76.36628006052
153,76.36628006052
154,76.36628006052
155,76.36628006052
156,76.36628006052
157,76.36628006052
158,76.36628006052
159,76.36628006052
160,76.36628006052
161,76.36628006052
162,76.36628006052
163,76.36628006052
164,76.36628006052
165,76.36628006052
166,76.36628006052
167,76.36628006052
168,76.36628006052
169,76.36628006052
170,76.36628006052
171,76.36628006052
172,76.36628006052
173,76.36628006052
174,76.36628006052
175,76.36628006052
176,76.36628006052
177,76.36628006052
178,76.36628006052
179,76.36628006052
180,76.36628006052
181,76.36628006052
182,76.36628006052
183,76.36628006052
184,76.36628006052
185,76.36628006052
186,76.36628006052
187,76.36628006052
188,76.36628006052
189,76.36628006052
190,76.36628006052
191,76.36628006052
192,76.36628006052
193,76.36628006052
194,76.36628006052
195,76.36628006052
196,76.36628006052
197,76.36628006052
198,76.36628006052
199,76.36628006052
200,76.36628006052
201,76.36628006052
202,76.36628006052
203,76.36628006052
204,76.36628006052
205,76.36628006052
206,76.36628006052
207,76.36628006052
208,76.36628006052
209,76.36628006052
210,76.36628006052
211,76.36628006052
212,76.36628006052
213,76.36628006052
214,76.36628006052
215,76.36628006052
216,76.36628006052
217,76.36628006052
218,76.36628006052
219,76.36628006052
220,76.36628006052
221,76.36628006052
222,76.36628006052
223,76.36628006052
224,76.36628006052
225,76.36628006052
226,76.36628006052
227,76.36628006052
228,76.36628006052
229,76.36628006052
230,76.36628006052
231,76.36628006052
232,76.36628006052
233,76.36628006052
234,76.36628006052
235,76.36628006052
236,76.36628006052
237,76.36628006052
238,76.36628006052
239,76.36628006052
240,76.36628006052
241,76.36628006052
242,76.36628006052
243,76.36628006052
244,76.36628006052
245,76.36628006052
246,76.36628006052
247,76.36628006052
248,76.36628006052
249,76.36628006052
250,76.36628006052
251,76.36628006052
252,76.36628006052
253,76.36628006052
254,76.36628006052
255,76.36628006052
256,76.36628006052
257,76.36628006052
258,76.36628006052
259,76.36628006052
260,76.36628006052
261,76.36628006052
262,76.36628006052
263,76.36628006052
264,76.36628006052
265,76.36628006052
266,76.36628006052
267,76.36628006052
268,76.36628006052
269,76.36628006052
270,76.36628006052
271,76.36628006052
272,76.36628006052
273,76.36628006052
274,76.36628006052
275,76.36628006052
276,76.36628006052
277,76.36628006052
278,76.36628006052
279,76.36628006052
280,76.36628006052
281,76.36628006052
282,76.36628006052
283,76.36628006052
284,76.36628006052
285,76.36628006052
286,76.36628006052
287,76.36628006052
288,76.36628006052
289,76.36628006052
290,76.36628006052
291,76.36628006052
292,76.36628006052
293,76.36628006052
294,76.36628006052
295,76.36628006052
296,76.36628006052
297,76.36628006052
298,76.36628006052
299,76.36628006052
300,76.36628006052
301,76.36628006052
302,76.36628006052
303,76.36628006052
304,76.36628006052
305,76.36628006052
306,76.36628006052
307,76.36628006052
308,76.36628006052
309,76.36628006052
310,76.36628006052
311,76.36628006052
312,76.36628006052
313,76.36628006052
314,76.36628006052
315,76.36628006052
316,76.36628006052
317,76.36628006052
318,76.36628006052
319,76.36628006052
320,76.36628006052
321,76.36628006052
322,76.36628006052
323,76.36628006052
324,76.36628006052
325,76.36628006052
326,76.36628006052
327,76.36628006052
328,76.36628006052
329,76.36628006052
330,76.36628006052
331,76.36628006052
332,76.36628006052
333,76.36628006052
334,76.36628006052
335,76.36628006052
336,76.36628006052
337,76.36628006052
338,76.36628006052
339,76.36628006052
340,76.36628006052
341,76.36628006052
342,76.36628006052
343,76.36628006052
344,76.36628006052
345,76.36628006052
346,76.36628006052
347,76.36628006052
348,76.36628006052
349,76.36628006052
350,76.36628006052
351,76.36628006052
352,76.36628006052
353,76.36628006052
354,76.36628006052
355,76.36628006052
356,76.36628006052
357,76.36628006052
358,76.36628006052
359,76.36628006052
360,76.36628006052
361,76.36628006052
362,76.36628006052
363,76.36628006052
364,76.36628006052
365,76.36628006052
366,76.36628006052
367,76.36628006052
368,76.36628006052
369,76.36628006052
370,76.36628006052
371,76.36628006052
372,76.36628006052
373,76.36628006052
374,76.36628006052
375,76.36628006052
376,76.36628006052
377,76.36628006052
378,76.36628006052
379,76.36628006052
380,76.36628006052
381,76.36628006052
382,76.36628006052
383,76.36628006052
384,76.36628006052
385,76.36628006052
386,76.36628006052
387,76.36628006052
388,76.36628006052
389,76.36628006052
390,76.36628006052
391,76.36628006052
392,76.36628006052
393,76.36628006052
394,76.36628006052
395,76.36628006052
396,76.36628006052
397,76.36628006052
398,76.36628006052
399,76.36628006052
400,76.36628006052
401,76.36628006052
402,76.36628006052
403,76.36628006052
404,76.36628006052
405,76.36628006052
406,76.36628006052
407,76.36628006052
408,76.36628006052
409,76.36628006052
410,76.36628006052
411,76.36628006052
412,76.36628006052
413,76.36628006052
414,76.36628006052
415,76.36628006052
416,76.36628006052
417,76.36628006052
418,76.36628006052
419,76.36628006052
420,76.36628006052
421,76.36628006052
422,76.36628006052
423,76.36628006052
424,76.36628006052
425,76.36628006052
426,76.36628006052
427,76.36628006052
428,76.36628006052
429,76.36628006052
430,76.36628006052
431,76.36628006052
432,76.36628006052
433,76.36628006052
434,76.36628006052
435,76.36628006052
436,76.36628006052
437,76.36628006052
438,76.36628006052
439,76.36628006052
440,76.36628006052
441,76.36628006052
442,76.36628006052
443,76.36628006052
444,76.36628006052
445,76.36628006052
446,76.36628006052
447,76.36628006052
448,76.36628006052
449,76.36628006052
450,76.36628006052
451,76.36628006052
452,76.36628006052
453,76.36628006052
454,76.36628006052
455,76.36628006052
456,76.36628006052
457,76.36628006052
458,76.36628006052
459,76.36628006052
460,76.36628006052
461,76.36628006052
462,76.36628006052
463,76.36628006052
464,76.36628006052
465,76.36628006052
466,76.36628006052
467,76.36628006052
468,76.36628006052
469,76.36628006052
470,76.36628006052
471,76.36628006052
472,76.36628006052
473,76.36628006052
474,76.36628006052
475,76.36628006052
476,76.36628006052
477,76.36628006052
478,76.36628006052
479,76.36628006052
480,76.36628006052
481,76.36628006052
482,76.36628006052
483,76.36628006052
484,76.36628006052
485,76.36628006052
486,76.36628006052
487,76.36628006052
488,76.36628006052
489,76.36628006052
490,76.36628006052
491,76.36628006052
492,76.36628006052
493,76.36628006052
494,76.36628006052
495,76.36628006052
496,76.36628006052
497,76.36628006052
498,76.36628006052
499,76.36628006052
500,76.36628006052
501,76.36628006052
502,76.36628006052
503,76.36628006052
504,76.36628006052
505,76.36628006052
506,76.36628006052
507,76.36628006052
508,76.36628006052
509,76.36628006052
510,76.36628006052
511,76.36628006052
512,76.36628006052
513,76.36628006052
514,76.36628006052
515,76.36628006052
516,76.36628006052
517,76.36628006052
518,76.36628006052
519,76.36628006052
520,76.36628006052
521,76.36628006052
522,76.36628006052
523,76.36628006052
524,76.36628006052
525,76.36628006052
526,76.36628006052
527,76.36628006052
528,76.36628006052
529,76.36628006052
530,76.36628006052
531,76.36628006052
532,76.36628006052
533,76.36628006052
534,76.36628006052
535,76.36628006052
536,76.36628006052
537,76.36628006052
538,76.36628006052
539,76.36628006052
540,76.36628006052
541,76.36628006052
542,76.36628006052
543,76.36628006052
544,76.36628006052
545,76.36628006052
546,76.36628006052
547,76.36628006052
548,76.36628006052
549,76.36628006052
550,76.36628006052
551,76.36628006052
552,76.36628006052
553,76.36628006052
554,76.36628006052
555,76.36628006052
556,76.36628006052
557,76.36628006052
558,76.36628006052
559,76.36628006052
560,76.36628006052
561,76.36628006052
562,76.36628006052
563,76.36628006052
564,76.36628006052
565,76.36628006052
566,76.36628006052
567,76.36628006052
568,76.36628006052
569,76.36628006052
570,76.36628006052
571,76.36628006052
572,76.36628006052
573,76.36628006052
574,76.36628006052
575,76.36628006052
576,76.36628006052
577,76.36628006052
578,76.36628006052
579,76.36628006052
580,76.36628006052
581,76.36628006052
582,76.36628006052
583,76.36628006052
584,76.36628006052
585,76.36628006052
586,76.36628006052
587,76.36628006052
588,76.36628006052
589,76.36628006052
590,76.36628006052
591,76.36628006052
592,76.36628006052
593,76.36628006052
594,76.36628006052
595,76.36628006052
596,76.36628006052
597,76.36628006052
598,76.36628006052
599,76.36628006052
600,76.36628006052
601,76.36628006052
602,76.36628006052
603,76.36628006052
604,76.36628006052
605,76.36628006052
606,76.36628006052
607,76.36628006052
608,76.36628006052
609,76.36628006052
610,76.36628006052
611,76.36628006052
612,76.36628006052
613,76.36628006052
614,76.36628006052
615,76.36628006052
616,76.36628006052
617,76.36628006052
618,76.36628006052
619,76.36628006052
620,76.36628006052
621,76.36628006052
622,76.36628006052
623,76.36628006052
624,76.36628006052
625,76.36628006052
626,76.36628006052
627,76.36628006052
628,76.36628006052
629,76.36628006052
630,76.36628006052
631,76.36628006052
632,76.36628006052
633,76.36628006052
634,76.36628006052
635,76.36628006052
636,76.36628006052
637,76.36628006052
638,76.36628006052
639,76.36628006052
640,76.36628006052
641,76.36628006052
642,76.36628006052
643,76.36628006052
644,76.36628006052
645,76.36628006052
646,76.36628006052
647,76.36628006052
648,76.36628006052
649,76.36628006052
650,76.36628006052
651,76.36628006052
652,76.36628006052
653,76.36628006052
654,76.36628006052
655,76.36628006052
656,76.36628006052
657,76.36628006052
658,76.36628006052
659,76.36628006052
660,76.36628006052
661,76.36628006052
662,76.36628006052
663,76.36628006052
664,76.36628006052
665,76.36628006052
666,76.36628006052
667,76.36628006052
668,76.36628006052
669,76.36628006052
670,76.36628006052
671,76.36628006052
672,76.36628006052
673,76.36628006052
674,76.36628006052
675,76.36628006052
676,76.36628006052
677,76.36628006052
678,76.36628006052
679,76.36628006052
680,76.36628006052
681,76.36628006052
682,76.36628006052
683,76.36628006052
684,76.36628006052
685,76.36628006052
686,76.36628006052
687,76.36628006052
688,76.36628006052
689,76.36628006052
690,76.36628006052
691,76.36628006052
692,76.36628006052
693,76.36628006052
694,76.36628006052
695,76.36628006052
696,76.36628006052
697,76.36628006052
698,76.36628006052
699,76.36628006052
700,76.36628006052
701,76.36628006052
702,76.36628006052
703,76.36628006052
704,76.36628006052
705,76.36628006052
706,76.36628006052
707,76.36628006052
708,76.36628006052
709,76.36628006052
710,76.36628006052
711,76.36628006052
712,76.36628006052
713,76.36628006052
714,76.36628006052
715,76.36628006052
716,76.36628006052
717,76.36628006052
718,76.36628006052
719,76.36628006052
720,76.36628006052
721,76.36628006052
722,76.36628006052
723,76.36628006052
724,76.36628006052
725,76.36628006052
726,76.36628006052
727,76.36628006052
728,76.36628006052
729,76.36628006052
730,76.36628006052
731,76.36628006052
732,76.36628006052
733,76.36628006052
734,76.36628006052
735,76.36628006052
736,76.36628006052
737,76.36628006052
738,76.36628006052
739,76.36628006052
740,76.36628006052
741,76.36628006052
742,76.36628006052
743,76.36628006052
744,76.36628006052
745,76.36628006052
746,76.36628006052
747,76.36628006052
748,76.36628006052
749,76.36628006052
750,76.36628006052
751,76.36628006052
752,76.36628006052
753,76.36628006052
754,76.36628006052
755,76.36628006052
756,76.36628006052
757,76.36628006052
758,76.36628006052
759,76.36628006052
760,76.36628006052
761,76.36628006052
762,76.36628006052
763,76.36628006052
764,76.36628006052
765,76.36628006052
766,76.36628006052
767,76.36628006052
768,76.36628006052
769,76.36628006052
770,76.36628006052
771,76.36628006052
772,76.36628006052
773,76.36628006052
774,76.36628006052
775,76.36628006052
776,76.36628006052
777,76.36628006052
778,76.36628006052
779,76.36628006052
780,76.36628006052
781,76.36628006052
782,76.36628006052
783,76.36628006052
784,76.36628006052
785,76.36628006052
786,76.36628006052
787,76.36628006052
788,76.36628006052
789,76.36628006052
790,76.36628006052
791,76.36628006052
792,76.36628006052
793,76.36628006052
794,76.36628006052
795,76.36628006052
796,76.36628006052
797,76.36628006052
798,76.36628006052
799,76.36628006052
800,76.36628006052
801,76.36628006052
802,76.36628006052
803,76.36628006052
804,76.36628006052
805,76.36628006052
806,76.36628006052
807,76.36628006052
808,76.36628006052
809,76.36628006052
810,76.36628006052
811,76.36628006052
812,76.36628006052
813,76.36628006052
814,76.36628006052
815,76.36628006052
816,76.36628006052
817,76.36628006052
818,76.36628006052
819,76.36628006052
820,76.36628006052
821,76.36628006052
822,76.36628006052
823,76.36628006052
824,76.36628006052
825,76.36628006052
826,76.36628006052
827,76.36628006052
828,76.36628006052
829,76.36628006052
830,76.36628006052
831,76.36628006052
832,76.36628006052
833,76.36628006052
834,76.36628006052
835,76.36628006052
836,76.36628006052
837,76.36628006052
838,76.36628006052
839,76.36628006052
840,76.36628006052
841,76.36628006052
842,76.36628006052
843,76.36628006052
844,76.36628006052
845,76.36628006052
846,76.36628006052
847,76.36628006052
848,76.36628006052
849,76.36628006052
850,76.36628006052
851,76.36628006052
852,76.36628006052
853,76.36628006052
854,76.36628006052
855,76.36628006052
856,76.36628006052
857,76.36628006052
858,76.36628006052
859,76.36628006052
860,76.36628006052
861,76.36628006052
862,76.36628006052
863,76.36628006052
864,76.36628006052
865,76.36628006052
866,76.36628006052
867,76.36628006052
868,76.36628006052
869,76.36628006052
870,76.36628006052
871,76.36628006052
872,76.36628006052
873,76.36628006052
874,76.36628006052
875,76.36628006052
876,76.36628006052
877,76.36628006052
878,76.36628006052
879,76.36628006052
880,76.36628006052
881,76.36628006052
882,76.36628006052
883,76.36628006052
884,76.36628006052
885,76.36628006052
886,76.36628006052
887,76.36628006052
888,76.36628006052
889,76.36628006052
890,76.36628006052
891,76.36628006052
892,76.36628006052
893,76.36628006052
894,76.36628006052
895,76.36628006052
896,76.36628006052
897,76.36628006052
898,76.36628006052
899,76.36628006052
900,76.36628006052
901,76.36628006052
902,76.36628006052
903,76.36628006052
904,76.36628006052
905,76.36628006052
906,76.36628006052
907,76.36628006052
908,76.36628006052
909,76.36628006052
910,76.36628006052
911,76.36628006052
912,76.36628006052
913,76.36628006052
914,76.36628006052
915,76.36628006052
916,76.36628006052
917,76.36628006052
918,76.36628006052
919,76.36628006052
920,76.36628006052
921,76.36628006052
922,76.36628006052
923,76.36628006052
924,76.36628006052
925,76.36628006052
926,76.36628006052
927,76.36628006052
928,76.36628006052
929,76.36628006052
930,76.36628006052
931,76.36628006052
932,76.36628006052
933,76.36628006052
934,76.36628006052
935,76.36628006052
936,76.36628006052
937,76.36628006052
938,76.36628006052
939,76.36628006052
940,76.36628006052
941,76.36628006052
942,76.36628006052
943,76.36628006052
944,76.36628006052
945,76.36628006052
946,76.36628006052
947,76.36628006052
948,76.36628006052
949,76.36628006052
950,76.36628006052
951,76.36628006052
952,76.36628006052
953,76.36628006052
954,76.36628006052
955,76.36628006052
956,76.36628006052
957,76.36628006052
958,76.36628006052
959,76.36628006052
960,76.36628006052
961,76.36628006052
962,76.36628006052
963,76.36628006052
964,76.36628006052
965,76.36628006052
966,76.36628006052
967,76.36628006052
968,76.36628006052
969,76.36628006052
970,76.36628006052
971,76.36628006052
972,76.36628006052
973,76.36628006052
974,76.36628006052
975,76.36628006052
976,76.36628006052
977,76.36628006052
978,76.36628006052
979,76.36628006052
980,76.36628006052
981,76.36628006052
982,76.36628006052
983,76.36628006052
984,76.36628006052
985,76.36628006052
986,76.36628006052
987,76.36628006052
988,76.36628006052
989,76.36628006052
990,76.36628006052
991,76.36628006052
992,76.36628006052
993,76.36628006052
994,76.36628006052
995,76.36628006052
996,76.36628006052
997,76.36628006052
998,76.36628006052
999,76.36628006052
