Iter,Best_Result
0,1.9888164355999998
1,1.9888164355999998
2,1.9888164355999998
3,1.9888164355999998
4,1.9888164355999998
5,1.9888164355999998
6,1.9888164355999998
7,1.9888164355999998
8,1.9888164355999998
9,1.9888164355999998
10,1.9888164355999998
11,1.9888164355999998
12,1.9888164355999998
13,1.9888164355999998
14,1.9888164355999998
15,1.9888164355999998
16,1.9888164355999998
17,1.9888164355999998
18,1.9888164355999998
19,1.9888164355999998
20,1.9888164355999998
21,1.9888164355999998
22,1.9888164355999998
23,1.9888164355999998
24,1.9888164355999998
25,1.9888164355999998
26,1.9888164355999998
27,1.9888164355999998
28,1.9888164355999998
29,1.9888164355999998
30,1.9888164355999998
31,1.9888164355999998
32,1.9888164355999998
33,1.9888164355999998
34,1.9888164355999998
35,1.9888164355999998
36,1.9888164355999998
37,1.9888164355999998
38,1.9888164355999998
39,1.9888164355999998
40,1.9888164355999998
41,1.9888164355999998
42,1.9888164355999998
43,1.9888164355999998
44,1.9888164355999998
45,1.9888164355999998
46,1.9888164355999998
47,1.9888164355999998
48,1.9888164355999998
49,1.9888164355999998
50,1.9888164355999998
51,1.9888164355999998
52,1.9888164355999998
53,1.9888164355999998
54,1.9888164355999998
55,1.9888164355999998
56,1.9888164355999998
57,1.9888164355999998
58,1.9888164355999998
59,1.9888164355999998
60,1.9888164355999998
61,1.9888164355999998
62,1.9888164355999998
63,1.9888164355999998
64,1.9888164355999998
65,1.9888164355999998
66,1.9888164355999998
67,1.9888164355999998
68,1.9888164355999998
69,1.9888164355999998
70,1.9888164355999998
71,1.9888164355999998
72,1.9888164355999998
73,1.9888164355999998
74,1.9881211812426751
75,1.9846449094560519
76,1.982226468488402
77,1.970134263650152
78,1.970134263650152
79,1.970134263650152
80,1.970134263650152
81,1.970134263650152
82,1.8968647965217362
83,1.8968647965217362
84,1.8968647965217362
85,1.8968647965217362
86,1.8968647965217362
87,1.8968647965217362
88,1.8968647965217362
89,1.8968647965217362
90,1.8968647965217362
91,1.8968647965217362
92,1.8968647965217362
93,1.8968647965217362
94,1.8968647965217362
95,1.8968647965217362
96,1.8968647965217362
97,1.8968647965217362
98,1.8968647965217362
99,1.8968647965217362
100,1.8968647965217362
101,1.8968647965217362
102,1.8968647965217362
103,1.8968647965217362
104,1.8968647965217362
105,1.8968647965217362
106,1.8968647965217362
107,1.8968647965217362
108,1.8968647965217362
109,1.8968647965217362
110,1.8968647965217362
111,1.8968647965217362
112,1.8968647965217362
113,1.8968647965217362
114,1.8968647965217362
115,1.8968647965217362
116,1.8968647965217362
117,1.8968647965217362
118,1.8968647965217362
119,1.8968647965217362
120,1.8968647965217362
121,1.8968647965217362
122,1.8968647965217362
123,1.8968647965217362
124,1.8968647965217362
125,1.8968647965217362
126,1.8968647965217362
127,1.8968647965217362
128,1.8968647965217362
129,1.8968647965217362
130,1.8968647965217362
131,1.8968647965217362
132,1.8968647965217362
133,1.8968647965217362
134,1.8968647965217362
135,1.8968647965217362
136,1.8968647965217362
137,1.8968647965217362
138,1.8968647965217362
139,1.8968647965217362
140,1.8968647965217362
141,1.8968647965217362
142,1.8968647965217362
143,1.8968647965217362
144,1.8968647965217362
145,1.8968647965217362
146,1.8968647965217362
147,1.8968647965217362
148,1.8968647965217362
149,1.8968647965217362
150,1.8968647965217362
151,1.8968647965217362
152,1.8968647965217362
153,1.8968647965217362
154,1.8968647965217362
155,1.8968647965217362
156,1.8968647965217362
157,1.8968647965217362
158,1.8968647965217362
159,1.8968647965217362
160,1.8968647965217362
161,1.8968647965217362
162,1.8968647965217362
163,1.8968647965217362
164,1.8968647965217362
165,1.8968647965217362
166,1.8968647965217362
167,1.8968647965217362
168,1.8968647965217362
169,1.8968647965217362
170,1.8968647965217362
171,1.8968647965217362
172,1.8968647965217362
173,1.8968647965217362
174,1.8968647965217362
175,1.8968647965217362
176,1.8968647965217362
177,1.8968647965217362
178,1.8968647965217362
179,1.8968647965217362
180,1.8968647965217362
181,1.8968647965217362
182,1.8968647965217362
183,1.8968647965217362
184,1.8968647965217362
185,1.8968647965217362
186,1.8968647965217362
187,1.8968647965217362
188,1.8968647965217362
189,1.8968647965217362
190,1.8968647965217362
191,1.8968647965217362
192,1.8968647965217362
193,1.8968647965217362
194,1.8968647965217362
195,1.8968647965217362
196,1.8968647965217362
197,1.8968647965217362
198,1.8968647965217362
199,1.8968647965217362
200,1.8968647965217362
201,1.8968647965217362
202,1.8968647965217362
203,1.8968647965217362
204,1.8968647965217362
205,1.8968647965217362
206,1.8968647965217362
207,1.8968647965217362
208,1.8968647965217362
209,1.8968647965217362
210,1.8968647965217362
211,1.8968647965217362
212,1.8968647965217362
213,1.8968647965217362
214,1.8968647965217362
215,1.8968647965217362
216,1.8968647965217362
217,1.8968647965217362
218,1.8968647965217362
219,1.8968647965217362
220,1.8968647965217362
221,1.8968647965217362
222,1.8968647965217362
223,1.8968647965217362
224,1.8968647965217362
225,1.8968647965217362
226,1.8968647965217362
227,1.8968647965217362
228,1.8968647965217362
229,1.8968647965217362
230,1.8968647965217362
231,1.8968647965217362
232,1.8968647965217362
233,1.8968647965217362
234,1.8968647965217362
235,1.8968647965217362
236,1.8968647965217362
237,1.8968647965217362
238,1.8968647965217362
239,1.8968647965217362
240,1.8968647965217362
241,1.8968647965217362
242,1.8968647965217362
243,1.8968647965217362
244,1.8968647965217362
245,1.8968647965217362
246,1.8968647965217362
247,1.8968647965217362
248,1.8968647965217362
249,1.8968647965217362
250,1.8968647965217362
251,1.8968647965217362
252,1.8968647965217362
253,1.8968647965217362
254,1.8968647965217362
255,1.8968647965217362
256,1.8968647965217362
257,1.8968647965217362
258,1.8968647965217362
259,1.8968647965217362
260,1.8968647965217362
261,1.8968647965217362
262,1.8968647965217362
263,1.8968647965217362
264,1.8968647965217362
265,1.8968647965217362
266,1.8968647965217362
267,1.8968647965217362
268,1.8968647965217362
269,1.8968647965217362
270,1.8968647965217362
271,1.8968647965217362
272,1.8968647965217362
273,1.8968647965217362
274,1.8968647965217362
275,1.8968647965217362
276,1.8968647965217362
277,1.8968647965217362
278,1.8968647965217362
279,1.8968647965217362
280,1.8968647965217362
281,1.8968647965217362
282,1.8968647965217362
283,1.8968647965217362
284,1.8968647965217362
285,1.8968647965217362
286,1.8968647965217362
287,1.8968647965217362
288,1.8968647965217362
289,1.8968647965217362
290,1.8968647965217362
291,1.8968647965217362
292,1.8968647965217362
293,1.8968647965217362
294,1.8968647965217362
295,1.8968647965217362
296,1.8968647965217362
297,1.8968647965217362
298,1.8968647965217362
299,1.8968647965217362
300,1.8968647965217362
301,1.8968647965217362
302,1.8968647965217362
303,1.8968647965217362
304,1.8968647965217362
305,1.8968647965217362
306,1.8968647965217362
307,1.8968647965217362
308,1.8968647965217362
309,1.8968647965217362
310,1.8968647965217362
311,1.8968647965217362
312,1.8968647965217362
313,1.8968647965217362
314,1.8968647965217362
315,1.8968647965217362
316,1.8968647965217362
317,1.8968647965217362
318,1.8968647965217362
319,1.8968647965217362
320,1.8968647965217362
321,1.8968647965217362
322,1.8968647965217362
323,1.8968647965217362
324,1.8968647965217362
325,1.8968647965217362
326,1.8968647965217362
327,1.8968647965217362
328,1.8968647965217362
329,1.8968647965217362
330,1.8968647965217362
331,1.8968647965217362
332,1.8968647965217362
333,1.8968647965217362
334,1.8968647965217362
335,1.8968647965217362
336,1.8968647965217362
337,1.8968647965217362
338,1.8968647965217362
339,1.8968647965217362
340,1.8968647965217362
341,1.8968647965217362
342,1.8968647965217362
343,1.8968647965217362
344,1.8968647965217362
345,1.8968647965217362
346,1.8968647965217362
347,1.8968647965217362
348,1.8968647965217362
349,1.8968647965217362
350,1.8968647965217362
351,1.8968647965217362
352,1.8968647965217362
353,1.8968647965217362
354,1.8968647965217362
355,1.8968647965217362
356,1.8968647965217362
357,1.8968647965217362
358,1.8968647965217362
359,1.8968647965217362
360,1.8968647965217362
361,1.8968647965217362
362,1.8968647965217362
363,1.8968647965217362
364,1.8968647965217362
365,1.8968647965217362
366,1.8968647965217362
367,1.8968647965217362
368,1.8968647965217362
369,1.8968647965217362
370,1.8968647965217362
371,1.8968647965217362
372,1.8968647965217362
373,1.8968647965217362
374,1.8968647965217362
375,1.8968647965217362
376,1.8968647965217362
377,1.8968647965217362
378,1.8968647965217362
379,1.8968647965217362
380,1.8968647965217362
381,1.8968647965217362
382,1.8968647965217362
383,1.8968647965217362
384,1.8968647965217362
385,1.8968647965217362
386,1.8968647965217362
387,1.8968647965217362
388,1.8968647965217362
389,1.8968647965217362
390,1.8968647965217362
391,1.8968647965217362
392,1.8968647965217362
393,1.8968647965217362
394,1.8968647965217362
395,1.8968647965217362
396,1.8968647965217362
397,1.8968647965217362
398,1.8968647965217362
399,1.8968647965217362
400,1.8968647965217362
401,1.8968647965217362
402,1.8968647965217362
403,1.8968647965217362
404,1.8968647965217362
405,1.8968647965217362
406,1.8968647965217362
407,1.8968647965217362
408,1.8968647965217362
409,1.8968647965217362
410,1.8968647965217362
411,1.8968647965217362
412,1.8968647965217362
413,1.8968647965217362
414,1.8968647965217362
415,1.8968647965217362
416,1.8968647965217362
417,1.8968647965217362
418,1.8968647965217362
419,1.8968647965217362
420,1.8968647965217362
421,1.8968647965217362
422,1.8968647965217362
423,1.8968647965217362
424,1.8968647965217362
425,1.8968647965217362
426,1.8968647965217362
427,1.8968647965217362
428,1.8968647965217362
429,1.8968647965217362
430,1.8968647965217362
431,1.8968647965217362
432,1.8968647965217362
433,1.8968647965217362
434,1.8968647965217362
435,1.8968647965217362
436,1.8968647965217362
437,1.8968647965217362
438,1.8968647965217362
439,1.8968647965217362
440,1.8968647965217362
441,1.8968647965217362
442,1.8968647965217362
443,1.8968647965217362
444,1.8968647965217362
445,1.8968647965217362
446,1.8968647965217362
447,1.8968647965217362
448,1.8968647965217362
449,1.8968647965217362
450,1.8968647965217362
451,1.8968647965217362
452,1.8968647965217362
453,1.8968647965217362
454,1.8968647965217362
455,1.8968647965217362
456,1.8968647965217362
457,1.8968647965217362
458,1.8968647965217362
459,1.8968647965217362
460,1.8968647965217362
461,1.8968647965217362
462,1.8968647965217362
463,1.8968647965217362
464,1.8968647965217362
465,1.8968647965217362
466,1.8968647965217362
467,1.8968647965217362
468,1.8968647965217362
469,1.8968647965217362
470,1.8968647965217362
471,1.8968647965217362
472,1.8968647965217362
473,1.8968647965217362
474,1.8968647965217362
475,1.8968647965217362
476,1.8968647965217362
477,1.8968647965217362
478,1.8968647965217362
479,1.8968647965217362
480,1.8968647965217362
481,1.8968647965217362
482,1.8968647965217362
483,1.8968647965217362
484,1.8968647965217362
485,1.8968647965217362
486,1.8968647965217362
487,1.8968647965217362
488,1.8968647965217362
489,1.8968647965217362
490,1.8968647965217362
491,1.8968647965217362
492,1.8968647965217362
493,1.8968647965217362
494,1.8968647965217362
495,1.8968647965217362
496,1.8968647965217362
497,1.8968647965217362
498,1.8968647965217362
499,1.8968647965217362
500,1.8968647965217362
501,1.8968647965217362
502,1.8968647965217362
503,1.8968647965217362
504,1.8968647965217362
505,1.8968647965217362
506,1.8968647965217362
507,1.8968647965217362
508,1.8968647965217362
509,1.8968647965217362
510,1.8968647965217362
511,1.8968647965217362
512,1.8968647965217362
513,1.8968647965217362
514,1.8968647965217362
515,1.8968647965217362
516,1.8968647965217362
517,1.8968647965217362
518,1.8968647965217362
519,1.8968647965217362
520,1.8968647965217362
521,1.8968647965217362
522,1.8968647965217362
523,1.8968647965217362
524,1.8968647965217362
525,1.8968647965217362
526,1.8968647965217362
527,1.8968647965217362
528,1.8968647965217362
529,1.8968647965217362
530,1.8968647965217362
531,1.8968647965217362
532,1.8968647965217362
533,1.8968647965217362
534,1.8968647965217362
535,1.8968647965217362
536,1.8968647965217362
537,1.8968647965217362
538,1.8968647965217362
539,1.8968647965217362
540,1.8968647965217362
541,1.8968647965217362
542,1.8968647965217362
543,1.8968647965217362
544,1.8968647965217362
545,1.8968647965217362
546,1.8968647965217362
547,1.8968647965217362
548,1.8968647965217362
549,1.8968647965217362
550,1.8968647965217362
551,1.8968647965217362
552,1.8968647965217362
553,1.8968647965217362
554,1.8968647965217362
555,1.8968647965217362
556,1.8968647965217362
557,1.8968647965217362
558,1.8968647965217362
559,1.8968647965217362
560,1.8968647965217362
561,1.8968647965217362
562,1.8968647965217362
563,1.8968647965217362
564,1.8968647965217362
565,1.8968647965217362
566,1.8968647965217362
567,1.8968647965217362
568,1.8968647965217362
569,1.8968647965217362
570,1.8968647965217362
571,1.8968647965217362
572,1.8968647965217362
573,1.8968647965217362
574,1.8968647965217362
575,1.8968647965217362
576,1.8968647965217362
577,1.8968647965217362
578,1.8968647965217362
579,1.8968647965217362
580,1.8968647965217362
581,1.8968647965217362
582,1.8968647965217362
583,1.8968647965217362
584,1.8968647965217362
585,1.8968647965217362
586,1.8968647965217362
587,1.8968647965217362
588,1.8968647965217362
589,1.8968647965217362
590,1.8968647965217362
591,1.8968647965217362
592,1.8968647965217362
593,1.8968647965217362
594,1.8968647965217362
595,1.8968647965217362
596,1.8968647965217362
597,1.8968647965217362
598,1.8968647965217362
599,1.8968647965217362
600,1.8968647965217362
601,1.8968647965217362
602,1.8968647965217362
603,1.8968647965217362
604,1.8968647965217362
605,1.8968647965217362
606,1.8968647965217362
607,1.8968647965217362
608,1.8968647965217362
609,1.8968647965217362
610,1.8968647965217362
611,1.8968647965217362
612,1.8968647965217362
613,1.8968647965217362
614,1.8968647965217362
615,1.8968647965217362
616,1.8968647965217362
617,1.8968647965217362
618,1.8968647965217362
619,1.8968647965217362
620,1.8968647965217362
621,1.8968647965217362
622,1.8968647965217362
623,1.8968647965217362
624,1.8968647965217362
625,1.8968647965217362
626,1.8968647965217362
627,1.8968647965217362
628,1.8968647965217362
629,1.8968647965217362
630,1.8968647965217362
631,1.8968647965217362
632,1.8968647965217362
633,1.8968647965217362
634,1.8968647965217362
635,1.8968647965217362
636,1.8968647965217362
637,1.8968647965217362
638,1.8968647965217362
639,1.8968647965217362
640,1.8968647965217362
641,1.8968647965217362
642,1.8968647965217362
643,1.8968647965217362
644,1.8968647965217362
645,1.8968647965217362
646,1.8968647965217362
647,1.8968647965217362
648,1.8968647965217362
649,1.8968647965217362
650,1.8968647965217362
651,1.8968647965217362
652,1.8968647965217362
653,1.8968647965217362
654,1.8968647965217362
655,1.8968647965217362
656,1.8968647965217362
657,1.8968647965217362
658,1.8968647965217362
659,1.8968647965217362
660,1.8968647965217362
661,1.8968647965217362
662,1.8968647965217362
663,1.8968647965217362
664,1.8968647965217362
665,1.8968647965217362
666,1.8968647965217362
667,1.8968647965217362
668,1.8968647965217362
669,1.8968647965217362
670,1.8968647965217362
671,1.8968647965217362
672,1.8968647965217362
673,1.8968647965217362
674,1.8968647965217362
675,1.8968647965217362
676,1.8968647965217362
677,1.8968647965217362
678,1.8968647965217362
679,1.8968647965217362
680,1.8968647965217362
681,1.8968647965217362
682,1.8968647965217362
683,1.8968647965217362
684,1.8968647965217362
685,1.8968647965217362
686,1.8968647965217362
687,1.8968647965217362
688,1.8968647965217362
689,1.8968647965217362
690,1.8968647965217362
691,1.8968647965217362
692,1.8968647965217362
693,1.8968647965217362
694,1.8968647965217362
695,1.8968647965217362
696,1.8968647965217362
697,1.8968647965217362
698,1.8968647965217362
699,1.8968647965217362
700,1.8968647965217362
701,1.8968647965217362
702,1.8968647965217362
703,1.8968647965217362
704,1.8968647965217362
705,1.8968647965217362
706,1.8968647965217362
707,1.8968647965217362
708,1.8968647965217362
709,1.8968647965217362
710,1.8968647965217362
711,1.8968647965217362
712,1.8968647965217362
713,1.8968647965217362
714,1.8968647965217362
715,1.8968647965217362
716,1.8968647965217362
717,1.8968647965217362
718,1.8968647965217362
719,1.8968647965217362
720,1.8968647965217362
721,1.8968647965217362
722,1.8968647965217362
723,1.8968647965217362
724,1.8968647965217362
725,1.8968647965217362
726,1.8968647965217362
727,1.8968647965217362
728,1.8968647965217362
729,1.8968647965217362
730,1.8968647965217362
731,1.8968647965217362
732,1.8968647965217362
733,1.8968647965217362
734,1.8968647965217362
735,1.8968647965217362
736,1.8968647965217362
737,1.8968647965217362
738,1.8968647965217362
739,1.8968647965217362
740,1.8968647965217362
741,1.8968647965217362
742,1.8968647965217362
743,1.8968647965217362
744,1.8968647965217362
745,1.8968647965217362
746,1.8968647965217362
747,1.8968647965217362
748,1.8968647965217362
749,1.8968647965217362
750,1.8968647965217362
751,1.8968647965217362
752,1.8968647965217362
753,1.8968647965217362
754,1.8968647965217362
755,1.8968647965217362
756,1.8968647965217362
757,1.8968647965217362
758,1.8968647965217362
759,1.8968647965217362
760,1.8968647965217362
761,1.8968647965217362
762,1.8968647965217362
763,1.8968647965217362
764,1.8968647965217362
765,1.8968647965217362
766,1.8968647965217362
767,1.8968647965217362
768,1.8968647965217362
769,1.8968647965217362
770,1.8968647965217362
771,1.8968647965217362
772,1.8968647965217362
773,1.8968647965217362
774,1.8968647965217362
775,1.8968647965217362
776,1.8968647965217362
777,1.8968647965217362
778,1.8968647965217362
779,1.8968647965217362
780,1.8968647965217362
781,1.8968647965217362
782,1.8968647965217362
783,1.8968647965217362
784,1.8968647965217362
785,1.8968647965217362
786,1.8968647965217362
787,1.8968647965217362
788,1.8968647965217362
789,1.8968647965217362
790,1.8968647965217362
791,1.8968647965217362
792,1.8968647965217362
793,1.8968647965217362
794,1.8968647965217362
795,1.8968647965217362
796,1.8968647965217362
797,1.8968647965217362
798,1.8968647965217362
799,1.8968647965217362
800,1.8968647965217362
801,1.8968647965217362
802,1.8968647965217362
803,1.8968647965217362
804,1.8968647965217362
805,1.8968647965217362
806,1.8968647965217362
807,1.8968647965217362
808,1.8968647965217362
809,1.8968647965217362
810,1.8968647965217362
811,1.8968647965217362
812,1.8968647965217362
813,1.8968647965217362
814,1.8968647965217362
815,1.8968647965217362
816,1.8968647965217362
817,1.8968647965217362
818,1.8968647965217362
819,1.8968647965217362
820,1.8968647965217362
821,1.8968647965217362
822,1.8968647965217362
823,1.8968647965217362
824,1.8968647965217362
825,1.8968647965217362
826,1.8968647965217362
827,1.8968647965217362
828,1.8968647965217362
829,1.8968647965217362
830,1.8968647965217362
831,1.8968647965217362
832,1.8968647965217362
833,1.8968647965217362
834,1.8968647965217362
835,1.8968647965217362
836,1.8968647965217362
837,1.8968647965217362
838,1.8968647965217362
839,1.8968647965217362
840,1.8968647965217362
841,1.8968647965217362
842,1.8968647965217362
843,1.8968647965217362
844,1.8968647965217362
845,1.8968647965217362
846,1.8968647965217362
847,1.8968647965217362
848,1.8968647965217362
849,1.8968647965217362
850,1.8968647965217362
851,1.8968647965217362
852,1.8968647965217362
853,1.8968647965217362
854,1.8968647965217362
855,1.8968647965217362
856,1.8968647965217362
857,1.8968647965217362
858,1.8968647965217362
859,1.8968647965217362
860,1.8968647965217362
861,1.8968647965217362
862,1.8968647965217362
863,1.8968647965217362
864,1.8968647965217362
865,1.8968647965217362
866,1.8968647965217362
867,1.8968647965217362
868,1.8968647965217362
869,1.8968647965217362
870,1.8968647965217362
871,1.8968647965217362
872,1.8968647965217362
873,1.8968647965217362
874,1.8968647965217362
875,1.8968647965217362
876,1.8968647965217362
877,1.8968647965217362
878,1.8968647965217362
879,1.8968647965217362
880,1.8968647965217362
881,1.8968647965217362
882,1.8968647965217362
883,1.8968647965217362
884,1.8968647965217362
885,1.8968647965217362
886,1.8968647965217362
887,1.8968647965217362
888,1.8968647965217362
889,1.8968647965217362
890,1.8968647965217362
891,1.8968647965217362
892,1.8968647965217362
893,1.8968647965217362
894,1.8968647965217362
895,1.8968647965217362
896,1.8968647965217362
897,1.8968647965217362
898,1.8968647965217362
899,1.8968647965217362
900,1.8968647965217362
901,1.8968647965217362
902,1.8968647965217362
903,1.8968647965217362
904,1.8968647965217362
905,1.8968647965217362
906,1.8968647965217362
907,1.8968647965217362
908,1.8968647965217362
909,1.8968647965217362
910,1.8968647965217362
911,1.8968647965217362
912,1.8968647965217362
913,1.8968647965217362
914,1.8968647965217362
915,1.8968647965217362
916,1.8968647965217362
917,1.8968647965217362
918,1.8968647965217362
919,1.8968647965217362
920,1.8968647965217362
921,1.8968647965217362
922,1.8968647965217362
923,1.8968647965217362
924,1.8968647965217362
925,1.8968647965217362
926,1.8968647965217362
927,1.8968647965217362
928,1.8968647965217362
929,1.8968647965217362
930,1.8968647965217362
931,1.8968647965217362
932,1.8968647965217362
933,1.8968647965217362
934,1.8968647965217362
935,1.8968647965217362
936,1.8968647965217362
937,1.8968647965217362
938,1.8968647965217362
939,1.8968647965217362
940,1.8968647965217362
941,1.8968647965217362
942,1.8968647965217362
943,1.8968647965217362
944,1.8968647965217362
945,1.8968647965217362
946,1.8968647965217362
947,1.8968647965217362
948,1.8968647965217362
949,1.8968647965217362
950,1.8968647965217362
951,1.8968647965217362
952,1.8968647965217362
953,1.8968647965217362
954,1.8968647965217362
955,1.8968647965217362
956,1.8968647965217362
957,1.8968647965217362
958,1.8968647965217362
959,1.8968647965217362
960,1.8968647965217362
961,1.8968647965217362
962,1.8968647965217362
963,1.8968647965217362
964,1.8968647965217362
965,1.8968647965217362
966,1.8968647965217362
967,1.8968647965217362
968,1.8968647965217362
969,1.8968647965217362
970,1.8968647965217362
971,1.8968647965217362
972,1.8968647965217362
973,1.8968647965217362
974,1.8968647965217362
975,1.8968647965217362
976,1.8968647965217362
977,1.8968647965217362
978,1.8968647965217362
979,1.8968647965217362
980,1.8968647965217362
981,1.8968647965217362
982,1.8968647965217362
983,1.8968647965217362
984,1.8968647965217362
985,1.8968647965217362
986,1.8968647965217362
987,1.8968647965217362
988,1.8968647965217362
989,1.8968647965217362
990,1.8968647965217362
991,1.8968647965217362
992,1.8968647965217362
993,1.8968647965217362
994,1.8968647965217362
995,1.8968647965217362
996,1.8968647965217362
997,1.8968647965217362
998,1.8968647965217362
999,1.8968647965217362
