Iter,Best_Result
0,152.07390685387728
1,152.07390685387728
2,152.07390685387728
3,152.07390685387728
4,152.07390685387728
5,152.07390685387728
6,152.07390685387728
7,152.07390685387728
8,152.07390685387728
9,152.07390685387728
10,152.07390685387728
11,152.07390685387728
12,152.07390685387728
13,152.07390685387728
14,152.07390685387728
15,152.07390685387728
16,152.07390685387728
17,152.07390685387728
18,152.07390685387728
19,152.07390685387728
20,152.07390685387728
21,152.07390685387728
22,152.07390685387728
23,152.07390685387728
24,152.07390685387728
25,152.07390685387728
26,152.07390685387728
27,152.07390685387728
28,152.07390685387728
29,152.07390685387728
30,152.07390685387728
31,152.07390685387728
32,152.07390685387728
33,152.07390685387728
34,152.07390685387728
35,152.07390685387728
36,152.07390685387728
37,152.07390685387728
38,152.07390685387728
39,152.07390685387728
40,152.07390685387728
41,152.07390685387728
42,152.07390685387728
43,152.07390685387728
44,152.07390685387728
45,152.07390685387728
46,152.07390685387728
47,152.07390685387728
48,152.07390685387728
49,152.07390685387728
50,152.07390685387728
51,152.07390685387728
52,152.07390685387728
53,152.07390685387728
54,152.07390685387728
55,152.07390685387728
56,152.07390685387728
57,152.07390685387728
58,152.07390685387728
59,152.07390685387728
60,152.07390685387728
61,152.07390685387728
62,152.07390685387728
63,152.07390685387728
64,152.07390685387728
65,152.07390685387728
66,152.07390685387728
67,152.07390685387728
68,152.07390685387728
69,152.07390685387728
70,152.07390685387728
71,152.07390685387728
72,152.07390685387728
73,152.07390685387728
74,152.07390685387728
75,152.07390685387728
76,152.07390685387728
77,152.07390685387728
78,152.07390685387728
79,152.07390685387728
80,152.07390685387728
81,152.07390685387728
82,152.07390685387728
83,152.07390685387728
84,152.07390685387728
85,152.07390685387728
86,152.07390685387728
87,152.07390685387728
88,152.07390685387728
89,152.07390685387728
90,152.07390685387728
91,152.07390685387728
92,152.07390685387728
93,152.07390685387728
94,152.07390685387728
95,152.07390685387728
96,152.07390685387728
97,152.07390685387728
98,152.07390685387728
99,152.07390685387728
100,152.07390685387728
101,152.07390685387728
102,152.07390685387728
103,152.07390685387728
104,152.07390685387728
105,152.07390685387728
106,152.07390685387728
107,152.07390685387728
108,152.07390685387728
109,152.07390685387728
110,152.07390685387728
111,152.07390685387728
112,152.07390685387728
113,152.07390685387728
114,152.07390685387728
115,152.07390685387728
116,152.07390685387728
117,152.07390685387728
118,152.07390685387728
119,152.07390685387728
120,152.07390685387728
121,152.07390685387728
122,152.07390685387728
123,152.07390685387728
124,152.07390685387728
125,152.07390685387728
126,152.07390685387728
127,152.07390685387728
128,152.07390685387728
129,152.07390685387728
130,152.07390685387728
131,152.07390685387728
132,152.07390685387728
133,152.07390685387728
134,152.07390685387728
135,152.07390685387728
136,152.07390685387728
137,152.07390685387728
138,152.07390685387728
139,152.07390685387728
140,152.07390685387728
141,152.07390685387728
142,152.07390685387728
143,152.07390685387728
144,152.07390685387728
145,152.07390685387728
146,152.07390685387728
147,152.07390685387728
148,152.07390685387728
149,152.07390685387728
150,152.07390685387728
151,152.07390685387728
152,152.07390685387728
153,152.07390685387728
154,152.07390685387728
155,152.07390685387728
156,152.07390685387728
157,152.07390685387728
158,152.07390685387728
159,152.07390685387728
160,152.07390685387728
161,152.07390685387728
162,152.07390685387728
163,152.07390685387728
164,152.07390685387728
165,152.07390685387728
166,152.07390685387728
167,152.07390685387728
168,152.07390685387728
169,152.07390685387728
170,152.07390685387728
171,152.07390685387728
172,152.07390685387728
173,152.07390685387728
174,152.07390685387728
175,152.07390685387728
176,152.07390685387728
177,152.07390685387728
178,152.07390685387728
179,152.07390685387728
180,152.07390685387728
181,152.07390685387728
182,152.07390685387728
183,152.07390685387728
184,152.07390685387728
185,152.07390685387728
186,152.07390685387728
187,152.07390685387728
188,152.07390685387728
189,152.07390685387728
190,152.07390685387728
191,152.07390685387728
192,152.07390685387728
193,152.07390685387728
194,152.07390685387728
195,152.07390685387728
196,152.07390685387728
197,152.07390685387728
198,152.07390685387728
199,152.07390685387728
200,152.07390685387728
201,152.07390685387728
202,152.07390685387728
203,152.07390685387728
204,152.07390685387728
205,152.07390685387728
206,152.07390685387728
207,152.07390685387728
208,152.07390685387728
209,152.07390685387728
210,152.07390685387728
211,152.07390685387728
212,152.07390685387728
213,152.07390685387728
214,152.07390685387728
215,152.07390685387728
216,152.07390685387728
217,152.07390685387728
218,152.07390685387728
219,152.07390685387728
220,152.07390685387728
221,152.07390685387728
222,152.07390685387728
223,152.07390685387728
224,152.07390685387728
225,152.07390685387728
226,152.07390685387728
227,152.07390685387728
228,152.07390685387728
229,152.07390685387728
230,152.07390685387728
231,152.07390685387728
232,152.07390685387728
233,152.07390685387728
234,152.07390685387728
235,152.07390685387728
236,152.07390685387728
237,152.07390685387728
238,152.07390685387728
239,152.07390685387728
240,152.07390685387728
241,152.07390685387728
242,152.07390685387728
243,152.07390685387728
244,152.07390685387728
245,152.07390685387728
246,152.07390685387728
247,152.07390685387728
248,152.07390685387728
249,152.07390685387728
250,152.07390685387728
251,152.07390685387728
252,152.07390685387728
253,152.07390685387728
254,152.07390685387728
255,152.07390685387728
256,152.07390685387728
257,152.07390685387728
258,152.07390685387728
259,152.07390685387728
260,152.07390685387728
261,152.07390685387728
262,152.07390685387728
263,152.07390685387728
264,152.07390685387728
265,152.07390685387728
266,152.07390685387728
267,152.07390685387728
268,152.07390685387728
269,152.07390685387728
270,152.07390685387728
271,152.07390685387728
272,152.07390685387728
273,152.07390685387728
274,152.07390685387728
275,152.07390685387728
276,152.07390685387728
277,152.07390685387728
278,152.07390685387728
279,152.07390685387728
280,152.07390685387728
281,152.07390685387728
282,152.07390685387728
283,152.07390685387728
284,152.07390685387728
285,152.07390685387728
286,152.07390685387728
287,152.07390685387728
288,152.07390685387728
289,152.07390685387728
290,152.07390685387728
291,152.07390685387728
292,152.07390685387728
293,152.07390685387728
294,152.07390685387728
295,152.07390685387728
296,152.07390685387728
297,152.07390685387728
298,152.07390685387728
299,152.07390685387728
300,152.07390685387728
301,152.07390685387728
302,152.07390685387728
303,152.07390685387728
304,152.07390685387728
305,152.07390685387728
306,152.07390685387728
307,152.07390685387728
308,152.07390685387728
309,152.07390685387728
310,152.07390685387728
311,152.07390685387728
312,152.07390685387728
313,132.32896338732087
314,132.32896338732087
315,132.32896338732087
316,132.32896338732087
317,132.32896338732087
318,132.32896338732087
319,132.32896338732087
320,132.32896338732087
321,132.32896338732087
322,132.32896338732087
323,132.32896338732087
324,132.32896338732087
325,132.32896338732087
326,132.32896338732087
327,132.32896338732087
328,132.32896338732087
329,132.32896338732087
330,132.32896338732087
331,132.32896338732087
332,132.32896338732087
333,132.32896338732087
334,132.32896338732087
335,132.32896338732087
336,132.32896338732087
337,132.32896338732087
338,132.32896338732087
339,132.32896338732087
340,132.32896338732087
341,132.32896338732087
342,132.32896338732087
343,132.32896338732087
344,132.32896338732087
345,132.32896338732087
346,132.32896338732087
347,132.32896338732087
348,132.32896338732087
349,132.32896338732087
350,132.32896338732087
351,132.32896338732087
352,132.32896338732087
353,132.32896338732087
354,132.32896338732087
355,132.32896338732087
356,132.32896338732087
357,132.32896338732087
358,132.32896338732087
359,132.32896338732087
360,132.32896338732087
361,132.32896338732087
362,132.32896338732087
363,132.32896338732087
364,132.32896338732087
365,132.32896338732087
366,132.32896338732087
367,132.32896338732087
368,132.32896338732087
369,132.32896338732087
370,132.32896338732087
371,132.32896338732087
372,132.32896338732087
373,132.32896338732087
374,132.32896338732087
375,132.32896338732087
376,132.32896338732087
377,132.32896338732087
378,132.32896338732087
379,132.32896338732087
380,132.32896338732087
381,132.32896338732087
382,132.32896338732087
383,132.32896338732087
384,132.32896338732087
385,132.32896338732087
386,132.32896338732087
387,132.32896338732087
388,132.32896338732087
389,132.32896338732087
390,132.32896338732087
391,132.32896338732087
392,132.32896338732087
393,132.32896338732087
394,132.32896338732087
395,132.32896338732087
396,132.32896338732087
397,132.32896338732087
398,132.32896338732087
399,132.32896338732087
400,132.32896338732087
401,132.32896338732087
402,132.32896338732087
403,132.32896338732087
404,132.32896338732087
405,132.32896338732087
406,132.32896338732087
407,132.32896338732087
408,132.32896338732087
409,132.32896338732087
410,132.32896338732087
411,132.32896338732087
412,132.32896338732087
413,132.32896338732087
414,132.32896338732087
415,132.32896338732087
416,132.32896338732087
417,132.32896338732087
418,132.32896338732087
419,132.32896338732087
420,132.32896338732087
421,132.32896338732087
422,132.32896338732087
423,132.32896338732087
424,132.32896338732087
425,132.32896338732087
426,132.32896338732087
427,132.32896338732087
428,132.32896338732087
429,132.32896338732087
430,132.32896338732087
431,132.32896338732087
432,132.32896338732087
433,132.32896338732087
434,132.32896338732087
435,132.32896338732087
436,132.32896338732087
437,132.32896338732087
438,132.32896338732087
439,132.32896338732087
440,132.32896338732087
441,132.32896338732087
442,132.32896338732087
443,132.32896338732087
444,132.32896338732087
445,132.32896338732087
446,132.32896338732087
447,132.32896338732087
448,132.32896338732087
449,132.32896338732087
450,132.32896338732087
451,132.32896338732087
452,132.32896338732087
453,132.32896338732087
454,132.32896338732087
455,132.32896338732087
456,132.32896338732087
457,132.32896338732087
458,132.32896338732087
459,132.32896338732087
460,132.32896338732087
461,132.32896338732087
462,132.32896338732087
463,132.32896338732087
464,132.32896338732087
465,132.32896338732087
466,132.32896338732087
467,132.32896338732087
468,132.32896338732087
469,132.32896338732087
470,132.32896338732087
471,132.32896338732087
472,132.32896338732087
473,132.32896338732087
474,132.32896338732087
475,132.32896338732087
476,132.32896338732087
477,132.32896338732087
478,132.32896338732087
479,132.32896338732087
480,132.32896338732087
481,132.32896338732087
482,132.32896338732087
483,132.32896338732087
484,132.32896338732087
485,132.32896338732087
486,132.32896338732087
487,132.32896338732087
488,132.32896338732087
489,132.32896338732087
490,132.32896338732087
491,132.32896338732087
492,132.32896338732087
493,132.32896338732087
494,132.32896338732087
495,132.32896338732087
496,132.32896338732087
497,132.32896338732087
498,132.32896338732087
499,132.32896338732087
500,132.32896338732087
501,132.32896338732087
502,132.32896338732087
503,132.32896338732087
504,132.32896338732087
505,132.32896338732087
506,132.32896338732087
507,132.32896338732087
508,132.32896338732087
509,132.32896338732087
510,132.32896338732087
511,132.32896338732087
512,132.32896338732087
513,132.32896338732087
514,132.32896338732087
515,132.32896338732087
516,132.32896338732087
517,132.32896338732087
518,132.32896338732087
519,132.32896338732087
520,132.32896338732087
521,132.32896338732087
522,132.32896338732087
523,132.32896338732087
524,132.32896338732087
525,132.32896338732087
526,132.32896338732087
527,132.32896338732087
528,132.32896338732087
529,132.32896338732087
530,132.32896338732087
531,132.32896338732087
532,132.32896338732087
533,132.32896338732087
534,132.32896338732087
535,132.32896338732087
536,132.32896338732087
537,132.32896338732087
538,132.32896338732087
539,132.32896338732087
540,132.32896338732087
541,132.32896338732087
542,132.32896338732087
543,132.32896338732087
544,132.32896338732087
545,132.32896338732087
546,132.32896338732087
547,132.32896338732087
548,132.32896338732087
549,132.32896338732087
550,132.32896338732087
551,132.32896338732087
552,132.32896338732087
553,132.32896338732087
554,132.32896338732087
555,132.32896338732087
556,132.32896338732087
557,132.32896338732087
558,132.32896338732087
559,132.32896338732087
560,132.32896338732087
561,132.32896338732087
562,132.32896338732087
563,132.32896338732087
564,132.32896338732087
565,132.32896338732087
566,132.32896338732087
567,132.32896338732087
568,132.32896338732087
569,132.32896338732087
570,132.32896338732087
571,132.32896338732087
572,132.32896338732087
573,132.32896338732087
574,132.32896338732087
575,132.32896338732087
576,132.32896338732087
577,132.32896338732087
578,132.32896338732087
579,132.32896338732087
580,132.32896338732087
581,132.32896338732087
582,132.32896338732087
583,132.32896338732087
584,132.32896338732087
585,132.32896338732087
586,132.32896338732087
587,132.32896338732087
588,132.32896338732087
589,132.32896338732087
590,132.32896338732087
591,132.32896338732087
592,132.32896338732087
593,132.32896338732087
594,132.32896338732087
595,132.32896338732087
596,132.32896338732087
597,132.32896338732087
598,132.32896338732087
599,132.32896338732087
600,132.32896338732087
601,132.32896338732087
602,132.32896338732087
603,132.32896338732087
604,132.32896338732087
605,132.32896338732087
606,132.32896338732087
607,132.32896338732087
608,132.32896338732087
609,132.32896338732087
610,132.32896338732087
611,132.32896338732087
612,132.32896338732087
613,132.32896338732087
614,132.32896338732087
615,132.32896338732087
616,132.32896338732087
617,132.32896338732087
618,132.32896338732087
619,132.32896338732087
620,132.32896338732087
621,132.32896338732087
622,132.32896338732087
623,132.32896338732087
624,132.32896338732087
625,132.32896338732087
626,132.32896338732087
627,132.32896338732087
628,132.32896338732087
629,132.32896338732087
630,132.32896338732087
631,132.32896338732087
632,132.32896338732087
633,132.32896338732087
634,132.32896338732087
635,132.32896338732087
636,132.32896338732087
637,132.32896338732087
638,132.32896338732087
639,132.32896338732087
640,132.32896338732087
641,132.32896338732087
642,132.32896338732087
643,132.32896338732087
644,132.32896338732087
645,132.32896338732087
646,132.32896338732087
647,132.32896338732087
648,132.32896338732087
649,132.32896338732087
650,132.32896338732087
651,132.32896338732087
652,132.32896338732087
653,132.32896338732087
654,132.32896338732087
655,132.32896338732087
656,132.32896338732087
657,132.32896338732087
658,132.32896338732087
659,132.32896338732087
660,132.32896338732087
661,132.32896338732087
662,132.32896338732087
663,132.32896338732087
664,132.32896338732087
665,132.32896338732087
666,132.32896338732087
667,132.32896338732087
668,132.32896338732087
669,132.32896338732087
670,132.32896338732087
671,132.32896338732087
672,132.32896338732087
673,132.32896338732087
674,132.32896338732087
675,132.32896338732087
676,132.32896338732087
677,132.32896338732087
678,132.32896338732087
679,132.32896338732087
680,132.32896338732087
681,132.32896338732087
682,132.32896338732087
683,132.32896338732087
684,132.32896338732087
685,132.32896338732087
686,132.32896338732087
687,132.32896338732087
688,132.32896338732087
689,132.32896338732087
690,132.32896338732087
691,132.32896338732087
692,132.32896338732087
693,132.32896338732087
694,132.32896338732087
695,132.32896338732087
696,132.32896338732087
697,132.32896338732087
698,132.32896338732087
699,132.32896338732087
700,132.32896338732087
701,132.32896338732087
702,132.32896338732087
703,132.32896338732087
704,132.32896338732087
705,132.32896338732087
706,132.32896338732087
707,132.32896338732087
708,132.32896338732087
709,132.32896338732087
710,132.32896338732087
711,132.32896338732087
712,132.32896338732087
713,132.32896338732087
714,132.32896338732087
715,132.32896338732087
716,132.32896338732087
717,132.32896338732087
718,132.32896338732087
719,132.32896338732087
720,132.32896338732087
721,132.32896338732087
722,132.32896338732087
723,132.32896338732087
724,132.32896338732087
725,132.32896338732087
726,132.32896338732087
727,132.32896338732087
728,132.32896338732087
729,132.32896338732087
730,132.32896338732087
731,132.32896338732087
732,132.32896338732087
733,132.32896338732087
734,132.32896338732087
735,132.32896338732087
736,132.32896338732087
737,132.32896338732087
738,132.32896338732087
739,132.32896338732087
740,132.32896338732087
741,132.32896338732087
742,132.32896338732087
743,132.32896338732087
744,132.32896338732087
745,132.32896338732087
746,132.32896338732087
747,132.32896338732087
748,132.32896338732087
749,132.32896338732087
750,132.32896338732087
751,132.32896338732087
752,132.32896338732087
753,132.32896338732087
754,132.32896338732087
755,132.32896338732087
756,132.32896338732087
757,132.32896338732087
758,132.32896338732087
759,132.32896338732087
760,132.32896338732087
761,132.32896338732087
762,132.32896338732087
763,132.32896338732087
764,132.32896338732087
765,132.32896338732087
766,132.32896338732087
767,132.32896338732087
768,132.32896338732087
769,132.32896338732087
770,132.32896338732087
771,132.32896338732087
772,132.32896338732087
773,132.32896338732087
774,132.32896338732087
775,132.32896338732087
776,132.32896338732087
777,132.32896338732087
778,132.32896338732087
779,132.32896338732087
780,132.32896338732087
781,132.32896338732087
782,132.32896338732087
783,132.32896338732087
784,132.32896338732087
785,132.32896338732087
786,132.32896338732087
787,132.32896338732087
788,132.32896338732087
789,132.32896338732087
790,132.32896338732087
791,132.32896338732087
792,132.32896338732087
793,132.32896338732087
794,132.32896338732087
795,132.32896338732087
796,132.32896338732087
797,132.32896338732087
798,132.32896338732087
799,132.32896338732087
800,132.32896338732087
801,132.32896338732087
802,132.32896338732087
803,132.32896338732087
804,132.32896338732087
805,132.32896338732087
806,132.32896338732087
807,132.32896338732087
808,132.32896338732087
809,132.32896338732087
810,132.32896338732087
811,132.32896338732087
812,132.32896338732087
813,132.32896338732087
814,132.32896338732087
815,132.32896338732087
816,132.32896338732087
817,132.32896338732087
818,132.32896338732087
819,132.32896338732087
820,132.32896338732087
821,132.32896338732087
822,132.32896338732087
823,132.32896338732087
824,132.32896338732087
825,132.32896338732087
826,132.32896338732087
827,132.32896338732087
828,132.32896338732087
829,132.32896338732087
830,132.32896338732087
831,132.32896338732087
832,132.32896338732087
833,132.32896338732087
834,132.32896338732087
835,132.32896338732087
836,132.32896338732087
837,132.32896338732087
838,132.32896338732087
839,132.32896338732087
840,132.32896338732087
841,132.32896338732087
842,132.32896338732087
843,132.32896338732087
844,132.32896338732087
845,132.32896338732087
846,132.32896338732087
847,132.32896338732087
848,132.32896338732087
849,132.32896338732087
850,132.32896338732087
851,132.32896338732087
852,132.32896338732087
853,132.32896338732087
854,132.32896338732087
855,132.32896338732087
856,132.32896338732087
857,132.32896338732087
858,132.32896338732087
859,132.32896338732087
860,132.32896338732087
861,132.32896338732087
862,132.32896338732087
863,132.32896338732087
864,132.32896338732087
865,132.32896338732087
866,132.32896338732087
867,132.32896338732087
868,132.32896338732087
869,132.32896338732087
870,132.32896338732087
871,132.32896338732087
872,132.32896338732087
873,132.32896338732087
874,132.32896338732087
875,132.32896338732087
876,132.32896338732087
877,132.32896338732087
878,132.32896338732087
879,132.32896338732087
880,132.32896338732087
881,132.32896338732087
882,132.32896338732087
883,132.32896338732087
884,132.32896338732087
885,132.32896338732087
886,132.32896338732087
887,132.32896338732087
888,132.32896338732087
889,132.32896338732087
890,132.32896338732087
891,132.32896338732087
892,132.32896338732087
893,132.32896338732087
894,132.32896338732087
895,132.32896338732087
896,132.32896338732087
897,132.32896338732087
898,132.32896338732087
899,132.32896338732087
900,132.32896338732087
901,132.32896338732087
902,132.32896338732087
903,132.32896338732087
904,132.32896338732087
905,132.32896338732087
906,132.32896338732087
907,132.32896338732087
908,132.32896338732087
909,132.32896338732087
910,132.32896338732087
911,132.32896338732087
912,132.32896338732087
913,132.32896338732087
914,132.32896338732087
915,132.32896338732087
916,132.32896338732087
917,132.32896338732087
918,132.32896338732087
919,132.32896338732087
920,132.32896338732087
921,132.32896338732087
922,132.32896338732087
923,132.32896338732087
924,132.32896338732087
925,132.32896338732087
926,132.32896338732087
927,132.32896338732087
928,132.32896338732087
929,132.32896338732087
930,132.32896338732087
931,132.32896338732087
932,132.32896338732087
933,132.32896338732087
934,132.32896338732087
935,132.32896338732087
936,132.32896338732087
937,132.32896338732087
938,132.32896338732087
939,132.32896338732087
940,132.32896338732087
941,132.32896338732087
942,132.32896338732087
943,132.32896338732087
944,132.32896338732087
945,132.32896338732087
946,132.32896338732087
947,132.32896338732087
948,132.32896338732087
949,132.32896338732087
950,132.32896338732087
951,132.32896338732087
952,132.32896338732087
953,132.32896338732087
954,132.32896338732087
955,132.32896338732087
956,132.32896338732087
957,132.32896338732087
958,132.32896338732087
959,132.32896338732087
960,132.32896338732087
961,132.32896338732087
962,132.32896338732087
963,132.32896338732087
964,132.32896338732087
965,132.32896338732087
966,132.32896338732087
967,132.32896338732087
968,132.32896338732087
969,132.32896338732087
970,132.32896338732087
971,132.32896338732087
972,132.32896338732087
973,132.32896338732087
974,132.32896338732087
975,132.32896338732087
976,132.32896338732087
977,132.32896338732087
978,132.32896338732087
979,132.32896338732087
980,132.32896338732087
981,132.32896338732087
982,132.32896338732087
983,132.32896338732087
984,132.32896338732087
985,132.32896338732087
986,132.32896338732087
987,132.32896338732087
988,132.32896338732087
989,132.32896338732087
990,132.32896338732087
991,132.32896338732087
992,132.32896338732087
993,132.32896338732087
994,132.32896338732087
995,132.32896338732087
996,132.32896338732087
997,132.32896338732087
998,132.32896338732087
999,132.32896338732087
