Iter,Best_Result
0,441.36058229289097
1,441.36058229289097
2,441.36058229289097
3,441.36058229289097
4,441.36058229289097
5,441.36058229289097
6,441.36058229289097
7,441.36058229289097
8,441.36058229289097
9,441.36058229289097
10,441.36058229289097
11,441.36058229289097
12,441.36058229289097
13,441.36058229289097
14,441.36058229289097
15,441.36058229289097
16,441.36058229289097
17,441.36058229289097
18,441.36058229289097
19,441.36058229289097
20,441.36058229289097
21,441.36058229289097
22,441.36058229289097
23,441.36058229289097
24,441.36058229289097
25,441.36058229289097
26,441.36058229289097
27,441.36058229289097
28,441.36058229289097
29,441.36058229289097
30,441.36058229289097
31,441.36058229289097
32,441.36058229289097
33,441.36058229289097
34,441.36058229289097
35,441.36058229289097
36,441.36058229289097
37,441.36058229289097
38,441.36058229289097
39,441.36058229289097
40,441.36058229289097
41,441.36058229289097
42,441.36058229289097
43,441.36058229289097
44,441.36058229289097
45,441.36058229289097
46,441.36058229289097
47,441.36058229289097
48,441.36058229289097
49,441.36058229289097
50,441.36058229289097
51,441.36058229289097
52,441.36058229289097
53,441.36058229289097
54,441.36058229289097
55,441.36058229289097
56,441.36058229289097
57,441.36058229289097
58,441.36058229289097
59,441.36058229289097
60,441.36058229289097
61,441.36058229289097
62,441.36058229289097
63,441.36058229289097
64,441.36058229289097
65,441.36058229289097
66,441.36058229289097
67,441.36058229289097
68,441.36058229289097
69,441.36058229289097
70,441.36058229289097
71,441.36058229289097
72,441.36058229289097
73,441.36058229289097
74,441.36058229289097
75,441.36058229289097
76,441.36058229289097
77,441.36058229289097
78,441.36058229289097
79,441.36058229289097
80,441.36058229289097
81,441.36058229289097
82,441.36058229289097
83,441.36058229289097
84,441.36058229289097
85,441.36058229289097
86,441.36058229289097
87,441.36058229289097
88,441.36058229289097
89,441.36058229289097
90,441.36058229289097
91,441.36058229289097
92,441.36058229289097
93,441.36058229289097
94,441.36058229289097
95,441.36058229289097
96,441.36058229289097
97,441.36058229289097
98,441.36058229289097
99,441.36058229289097
100,441.36058229289097
101,441.36058229289097
102,441.36058229289097
103,441.36058229289097
104,441.36058229289097
105,441.36058229289097
106,441.36058229289097
107,441.36058229289097
108,441.36058229289097
109,441.36058229289097
110,441.36058229289097
111,441.36058229289097
112,441.36058229289097
113,441.36058229289097
114,441.36058229289097
115,441.36058229289097
116,441.36058229289097
117,441.36058229289097
118,441.36058229289097
119,441.36058229289097
120,441.36058229289097
121,441.36058229289097
122,441.36058229289097
123,441.36058229289097
124,441.36058229289097
125,441.36058229289097
126,441.36058229289097
127,441.36058229289097
128,441.36058229289097
129,441.36058229289097
130,441.36058229289097
131,441.36058229289097
132,441.36058229289097
133,441.36058229289097
134,441.36058229289097
135,441.36058229289097
136,441.36058229289097
137,441.36058229289097
138,441.36058229289097
139,441.36058229289097
140,441.36058229289097
141,441.36058229289097
142,441.36058229289097
143,441.36058229289097
144,441.36058229289097
145,441.36058229289097
146,441.36058229289097
147,441.36058229289097
148,441.36058229289097
149,441.36058229289097
150,441.36058229289097
151,441.36058229289097
152,441.36058229289097
153,441.36058229289097
154,441.36058229289097
155,441.36058229289097
156,441.36058229289097
157,441.36058229289097
158,441.36058229289097
159,441.36058229289097
160,441.36058229289097
161,441.36058229289097
162,441.36058229289097
163,441.36058229289097
164,441.36058229289097
165,441.36058229289097
166,441.36058229289097
167,441.36058229289097
168,441.36058229289097
169,441.36058229289097
170,441.36058229289097
171,441.36058229289097
172,441.36058229289097
173,441.36058229289097
174,441.36058229289097
175,441.36058229289097
176,441.36058229289097
177,441.36058229289097
178,441.36058229289097
179,441.36058229289097
180,441.36058229289097
181,441.36058229289097
182,441.36058229289097
183,441.36058229289097
184,441.36058229289097
185,441.36058229289097
186,441.36058229289097
187,441.36058229289097
188,441.36058229289097
189,441.36058229289097
190,441.36058229289097
191,441.36058229289097
192,441.36058229289097
193,441.36058229289097
194,441.36058229289097
195,441.36058229289097
196,441.36058229289097
197,441.36058229289097
198,441.36058229289097
199,441.36058229289097
200,441.36058229289097
201,441.36058229289097
202,441.36058229289097
203,441.36058229289097
204,441.36058229289097
205,441.36058229289097
206,441.36058229289097
207,441.36058229289097
208,441.36058229289097
209,441.36058229289097
210,441.36058229289097
211,441.36058229289097
212,441.36058229289097
213,441.36058229289097
214,441.36058229289097
215,441.36058229289097
216,441.36058229289097
217,441.36058229289097
218,441.36058229289097
219,441.36058229289097
220,441.36058229289097
221,441.36058229289097
222,441.36058229289097
223,441.36058229289097
224,441.36058229289097
225,441.36058229289097
226,441.36058229289097
227,441.36058229289097
228,441.36058229289097
229,441.36058229289097
230,441.36058229289097
231,441.36058229289097
232,441.36058229289097
233,441.36058229289097
234,441.36058229289097
235,441.36058229289097
236,441.36058229289097
237,441.36058229289097
238,441.36058229289097
239,441.36058229289097
240,441.36058229289097
241,441.36058229289097
242,441.36058229289097
243,441.36058229289097
244,441.36058229289097
245,441.36058229289097
246,441.36058229289097
247,441.36058229289097
248,441.36058229289097
249,441.36058229289097
250,441.36058229289097
251,441.36058229289097
252,441.36058229289097
253,441.36058229289097
254,441.36058229289097
255,441.36058229289097
256,441.36058229289097
257,441.36058229289097
258,441.36058229289097
259,441.36058229289097
260,441.36058229289097
261,441.36058229289097
262,441.36058229289097
263,441.36058229289097
264,441.36058229289097
265,441.36058229289097
266,441.36058229289097
267,441.36058229289097
268,441.36058229289097
269,441.36058229289097
270,441.36058229289097
271,441.36058229289097
272,441.36058229289097
273,441.36058229289097
274,441.36058229289097
275,441.36058229289097
276,441.36058229289097
277,441.36058229289097
278,441.36058229289097
279,441.36058229289097
280,441.36058229289097
281,441.36058229289097
282,441.36058229289097
283,441.36058229289097
284,441.36058229289097
285,441.36058229289097
286,441.36058229289097
287,441.36058229289097
288,441.36058229289097
289,441.36058229289097
290,441.36058229289097
291,441.36058229289097
292,441.36058229289097
293,441.36058229289097
294,441.36058229289097
295,441.36058229289097
296,441.36058229289097
297,441.36058229289097
298,441.36058229289097
299,441.36058229289097
300,441.36058229289097
301,441.36058229289097
302,441.36058229289097
303,441.36058229289097
304,441.36058229289097
305,441.36058229289097
306,441.36058229289097
307,441.36058229289097
308,441.36058229289097
309,441.36058229289097
310,441.36058229289097
311,441.36058229289097
312,441.36058229289097
313,441.36058229289097
314,441.36058229289097
315,441.36058229289097
316,441.36058229289097
317,441.36058229289097
318,441.36058229289097
319,441.36058229289097
320,441.36058229289097
321,441.36058229289097
322,441.36058229289097
323,441.36058229289097
324,441.36058229289097
325,441.36058229289097
326,441.36058229289097
327,441.36058229289097
328,441.36058229289097
329,441.36058229289097
330,441.36058229289097
331,441.36058229289097
332,441.36058229289097
333,441.36058229289097
334,441.36058229289097
335,441.36058229289097
336,441.36058229289097
337,441.36058229289097
338,441.36058229289097
339,441.36058229289097
340,441.36058229289097
341,441.36058229289097
342,441.36058229289097
343,441.36058229289097
344,441.36058229289097
345,441.36058229289097
346,441.36058229289097
347,441.36058229289097
348,441.36058229289097
349,441.36058229289097
350,441.36058229289097
351,441.36058229289097
352,441.36058229289097
353,441.36058229289097
354,441.36058229289097
355,441.36058229289097
356,441.36058229289097
357,441.36058229289097
358,441.36058229289097
359,441.36058229289097
360,441.36058229289097
361,441.36058229289097
362,441.36058229289097
363,441.36058229289097
364,441.36058229289097
365,441.36058229289097
366,441.36058229289097
367,441.36058229289097
368,441.36058229289097
369,441.36058229289097
370,441.36058229289097
371,441.36058229289097
372,441.36058229289097
373,441.36058229289097
374,441.36058229289097
375,441.36058229289097
376,441.36058229289097
377,441.36058229289097
378,441.36058229289097
379,441.36058229289097
380,441.36058229289097
381,441.36058229289097
382,441.36058229289097
383,441.36058229289097
384,441.36058229289097
385,441.36058229289097
386,441.36058229289097
387,441.36058229289097
388,441.36058229289097
389,441.36058229289097
390,441.36058229289097
391,441.36058229289097
392,441.36058229289097
393,441.36058229289097
394,441.36058229289097
395,441.36058229289097
396,441.36058229289097
397,441.36058229289097
398,441.36058229289097
399,441.36058229289097
400,441.36058229289097
401,441.36058229289097
402,441.36058229289097
403,441.36058229289097
404,441.36058229289097
405,441.36058229289097
406,441.36058229289097
407,441.36058229289097
408,441.36058229289097
409,441.36058229289097
410,441.36058229289097
411,441.36058229289097
412,441.36058229289097
413,441.36058229289097
414,441.36058229289097
415,441.36058229289097
416,441.36058229289097
417,441.36058229289097
418,441.36058229289097
419,441.36058229289097
420,441.36058229289097
421,441.36058229289097
422,441.36058229289097
423,441.36058229289097
424,441.36058229289097
425,441.36058229289097
426,441.36058229289097
427,441.36058229289097
428,441.36058229289097
429,441.36058229289097
430,441.36058229289097
431,441.36058229289097
432,441.36058229289097
433,441.36058229289097
434,441.36058229289097
435,441.36058229289097
436,441.36058229289097
437,441.36058229289097
438,441.36058229289097
439,441.36058229289097
440,441.36058229289097
441,441.36058229289097
442,441.36058229289097
443,441.36058229289097
444,441.36058229289097
445,441.36058229289097
446,441.36058229289097
447,441.36058229289097
448,441.36058229289097
449,441.36058229289097
450,441.36058229289097
451,441.36058229289097
452,441.36058229289097
453,441.36058229289097
454,441.36058229289097
455,441.36058229289097
456,441.36058229289097
457,441.36058229289097
458,441.36058229289097
459,441.36058229289097
460,441.36058229289097
461,441.36058229289097
462,441.36058229289097
463,441.36058229289097
464,441.36058229289097
465,441.36058229289097
466,441.36058229289097
467,441.36058229289097
468,441.36058229289097
469,441.36058229289097
470,441.36058229289097
471,441.36058229289097
472,441.36058229289097
473,441.36058229289097
474,441.36058229289097
475,441.36058229289097
476,441.36058229289097
477,441.36058229289097
478,441.36058229289097
479,441.36058229289097
480,441.36058229289097
481,441.36058229289097
482,441.36058229289097
483,441.36058229289097
484,441.36058229289097
485,441.36058229289097
486,441.36058229289097
487,441.36058229289097
488,441.36058229289097
489,441.36058229289097
490,441.36058229289097
491,441.36058229289097
492,441.36058229289097
493,441.36058229289097
494,441.36058229289097
495,441.36058229289097
496,441.36058229289097
497,441.36058229289097
498,441.36058229289097
499,441.36058229289097
500,441.36058229289097
501,441.36058229289097
502,441.36058229289097
503,441.36058229289097
504,441.36058229289097
505,441.36058229289097
506,441.36058229289097
507,441.36058229289097
508,441.36058229289097
509,441.36058229289097
510,441.36058229289097
511,441.36058229289097
512,441.36058229289097
513,441.36058229289097
514,441.36058229289097
515,441.36058229289097
516,441.36058229289097
517,441.36058229289097
518,441.36058229289097
519,441.36058229289097
520,441.36058229289097
521,441.36058229289097
522,441.36058229289097
523,441.36058229289097
524,441.36058229289097
525,441.36058229289097
526,441.36058229289097
527,441.36058229289097
528,441.36058229289097
529,441.36058229289097
530,441.36058229289097
531,441.36058229289097
532,441.36058229289097
533,441.36058229289097
534,441.36058229289097
535,441.36058229289097
536,441.36058229289097
537,441.36058229289097
538,441.36058229289097
539,441.36058229289097
540,441.36058229289097
541,441.36058229289097
542,441.36058229289097
543,441.36058229289097
544,441.36058229289097
545,441.36058229289097
546,441.36058229289097
547,441.36058229289097
548,441.36058229289097
549,441.36058229289097
550,441.36058229289097
551,441.36058229289097
552,441.36058229289097
553,441.36058229289097
554,441.36058229289097
555,441.36058229289097
556,441.36058229289097
557,441.36058229289097
558,441.36058229289097
559,441.36058229289097
560,441.36058229289097
561,441.36058229289097
562,441.36058229289097
563,441.36058229289097
564,441.36058229289097
565,441.36058229289097
566,441.36058229289097
567,441.36058229289097
568,441.36058229289097
569,441.36058229289097
570,441.36058229289097
571,441.36058229289097
572,441.36058229289097
573,441.36058229289097
574,441.36058229289097
575,441.36058229289097
576,441.36058229289097
577,441.36058229289097
578,441.36058229289097
579,441.36058229289097
580,441.36058229289097
581,441.36058229289097
582,441.36058229289097
583,441.36058229289097
584,441.36058229289097
585,441.36058229289097
586,441.36058229289097
587,441.36058229289097
588,441.36058229289097
589,441.36058229289097
590,441.36058229289097
591,441.36058229289097
592,441.36058229289097
593,441.36058229289097
594,441.36058229289097
595,441.36058229289097
596,441.36058229289097
597,441.36058229289097
598,441.36058229289097
599,441.36058229289097
600,441.36058229289097
601,441.36058229289097
602,441.36058229289097
603,441.36058229289097
604,441.36058229289097
605,441.36058229289097
606,441.36058229289097
607,441.36058229289097
608,441.36058229289097
609,441.36058229289097
610,441.36058229289097
611,441.36058229289097
612,441.36058229289097
613,441.36058229289097
614,441.36058229289097
615,441.36058229289097
616,441.36058229289097
617,441.36058229289097
618,441.36058229289097
619,441.36058229289097
620,441.36058229289097
621,441.36058229289097
622,441.36058229289097
623,441.36058229289097
624,441.36058229289097
625,441.36058229289097
626,441.36058229289097
627,441.36058229289097
628,441.36058229289097
629,441.36058229289097
630,441.36058229289097
631,441.36058229289097
632,441.36058229289097
633,441.36058229289097
634,441.36058229289097
635,441.36058229289097
636,441.36058229289097
637,441.36058229289097
638,441.36058229289097
639,441.36058229289097
640,441.36058229289097
641,441.36058229289097
642,441.36058229289097
643,441.36058229289097
644,441.36058229289097
645,441.36058229289097
646,441.36058229289097
647,441.36058229289097
648,441.36058229289097
649,441.36058229289097
650,441.36058229289097
651,441.36058229289097
652,441.36058229289097
653,441.36058229289097
654,441.36058229289097
655,441.36058229289097
656,441.36058229289097
657,441.36058229289097
658,441.36058229289097
659,441.36058229289097
660,441.36058229289097
661,441.36058229289097
662,441.36058229289097
663,441.36058229289097
664,441.36058229289097
665,441.36058229289097
666,441.36058229289097
667,441.36058229289097
668,441.36058229289097
669,441.36058229289097
670,441.36058229289097
671,441.36058229289097
672,441.36058229289097
673,441.36058229289097
674,441.36058229289097
675,441.36058229289097
676,441.36058229289097
677,441.36058229289097
678,441.36058229289097
679,441.36058229289097
680,441.36058229289097
681,441.36058229289097
682,441.36058229289097
683,441.36058229289097
684,441.36058229289097
685,441.36058229289097
686,441.36058229289097
687,441.36058229289097
688,441.36058229289097
689,441.36058229289097
690,441.36058229289097
691,441.36058229289097
692,441.36058229289097
693,441.36058229289097
694,441.36058229289097
695,441.36058229289097
696,441.36058229289097
697,441.36058229289097
698,441.36058229289097
699,441.36058229289097
700,441.36058229289097
701,441.36058229289097
702,441.36058229289097
703,441.36058229289097
704,441.36058229289097
705,441.36058229289097
706,441.36058229289097
707,441.36058229289097
708,441.36058229289097
709,441.36058229289097
710,441.36058229289097
711,441.36058229289097
712,441.36058229289097
713,441.36058229289097
714,441.36058229289097
715,441.36058229289097
716,441.36058229289097
717,441.36058229289097
718,441.36058229289097
719,441.36058229289097
720,441.36058229289097
721,441.36058229289097
722,441.36058229289097
723,441.36058229289097
724,441.36058229289097
725,441.36058229289097
726,441.36058229289097
727,441.36058229289097
728,441.36058229289097
729,441.36058229289097
730,441.36058229289097
731,441.36058229289097
732,441.36058229289097
733,441.36058229289097
734,441.36058229289097
735,441.36058229289097
736,441.36058229289097
737,441.36058229289097
738,441.36058229289097
739,441.36058229289097
740,441.36058229289097
741,441.36058229289097
742,441.36058229289097
743,441.36058229289097
744,441.36058229289097
745,441.36058229289097
746,441.36058229289097
747,441.36058229289097
748,441.36058229289097
749,441.36058229289097
750,441.36058229289097
751,441.36058229289097
752,441.36058229289097
753,441.36058229289097
754,441.36058229289097
755,441.36058229289097
756,441.36058229289097
757,441.36058229289097
758,441.36058229289097
759,441.36058229289097
760,441.36058229289097
761,441.36058229289097
762,441.36058229289097
763,441.36058229289097
764,441.36058229289097
765,441.36058229289097
766,441.36058229289097
767,441.36058229289097
768,441.36058229289097
769,441.36058229289097
770,441.36058229289097
771,441.36058229289097
772,441.36058229289097
773,441.36058229289097
774,441.36058229289097
775,441.36058229289097
776,441.36058229289097
777,441.36058229289097
778,441.36058229289097
779,441.36058229289097
780,441.36058229289097
781,441.36058229289097
782,441.36058229289097
783,441.36058229289097
784,441.36058229289097
785,441.36058229289097
786,441.36058229289097
787,441.36058229289097
788,441.36058229289097
789,441.36058229289097
790,441.36058229289097
791,441.36058229289097
792,441.36058229289097
793,441.36058229289097
794,441.36058229289097
795,441.36058229289097
796,441.36058229289097
797,441.36058229289097
798,441.36058229289097
799,441.36058229289097
800,441.36058229289097
801,441.36058229289097
802,441.36058229289097
803,441.36058229289097
804,441.36058229289097
805,441.36058229289097
806,441.36058229289097
807,441.36058229289097
808,441.36058229289097
809,441.36058229289097
810,441.36058229289097
811,441.36058229289097
812,441.36058229289097
813,441.36058229289097
814,441.36058229289097
815,441.36058229289097
816,441.36058229289097
817,441.36058229289097
818,441.36058229289097
819,441.36058229289097
820,441.36058229289097
821,441.36058229289097
822,441.36058229289097
823,441.36058229289097
824,441.36058229289097
825,441.36058229289097
826,441.36058229289097
827,441.36058229289097
828,441.36058229289097
829,441.36058229289097
830,441.36058229289097
831,441.36058229289097
832,441.36058229289097
833,441.36058229289097
834,441.36058229289097
835,441.36058229289097
836,441.36058229289097
837,441.36058229289097
838,441.36058229289097
839,441.36058229289097
840,441.36058229289097
841,441.36058229289097
842,441.36058229289097
843,441.36058229289097
844,441.36058229289097
845,441.36058229289097
846,441.36058229289097
847,441.36058229289097
848,441.36058229289097
849,441.36058229289097
850,441.36058229289097
851,441.36058229289097
852,441.36058229289097
853,441.36058229289097
854,441.36058229289097
855,441.36058229289097
856,441.36058229289097
857,441.36058229289097
858,441.36058229289097
859,441.36058229289097
860,441.36058229289097
861,441.36058229289097
862,441.36058229289097
863,441.36058229289097
864,441.36058229289097
865,441.36058229289097
866,441.36058229289097
867,441.36058229289097
868,441.36058229289097
869,441.36058229289097
870,441.36058229289097
871,441.36058229289097
872,441.36058229289097
873,441.36058229289097
874,441.36058229289097
875,441.36058229289097
876,441.36058229289097
877,441.36058229289097
878,441.36058229289097
879,441.36058229289097
880,441.36058229289097
881,441.36058229289097
882,441.36058229289097
883,441.36058229289097
884,441.36058229289097
885,441.36058229289097
886,441.36058229289097
887,441.36058229289097
888,441.36058229289097
889,441.36058229289097
890,441.36058229289097
891,441.36058229289097
892,441.36058229289097
893,441.36058229289097
894,441.36058229289097
895,441.36058229289097
896,441.36058229289097
897,441.36058229289097
898,441.36058229289097
899,441.36058229289097
900,441.36058229289097
901,441.36058229289097
902,441.36058229289097
903,441.36058229289097
904,441.36058229289097
905,441.36058229289097
906,441.36058229289097
907,441.36058229289097
908,441.36058229289097
909,441.36058229289097
910,441.36058229289097
911,441.36058229289097
912,441.36058229289097
913,441.36058229289097
914,441.36058229289097
915,441.36058229289097
916,441.36058229289097
917,441.36058229289097
918,441.36058229289097
919,441.36058229289097
920,441.36058229289097
921,441.36058229289097
922,441.36058229289097
923,441.36058229289097
924,441.36058229289097
925,441.36058229289097
926,441.36058229289097
927,441.36058229289097
928,441.36058229289097
929,441.36058229289097
930,441.36058229289097
931,441.36058229289097
932,441.36058229289097
933,441.36058229289097
934,441.36058229289097
935,441.36058229289097
936,441.36058229289097
937,441.36058229289097
938,441.36058229289097
939,441.36058229289097
940,441.36058229289097
941,441.36058229289097
942,441.36058229289097
943,441.36058229289097
944,441.36058229289097
945,441.36058229289097
946,441.36058229289097
947,441.36058229289097
948,441.36058229289097
949,441.36058229289097
950,441.36058229289097
951,441.36058229289097
952,441.36058229289097
953,441.36058229289097
954,441.36058229289097
955,441.36058229289097
956,441.36058229289097
957,441.36058229289097
958,441.36058229289097
959,441.36058229289097
960,441.36058229289097
961,441.36058229289097
962,441.36058229289097
963,441.36058229289097
964,441.36058229289097
965,441.36058229289097
966,441.36058229289097
967,441.36058229289097
968,441.36058229289097
969,441.36058229289097
970,441.36058229289097
971,441.36058229289097
972,441.36058229289097
973,441.36058229289097
974,441.36058229289097
975,441.36058229289097
976,441.36058229289097
977,441.36058229289097
978,441.36058229289097
979,441.36058229289097
980,441.36058229289097
981,441.36058229289097
982,441.36058229289097
983,441.36058229289097
984,441.36058229289097
985,441.36058229289097
986,441.36058229289097
987,441.36058229289097
988,441.36058229289097
989,441.36058229289097
990,441.36058229289097
991,441.36058229289097
992,441.36058229289097
993,441.36058229289097
994,441.36058229289097
995,441.36058229289097
996,441.36058229289097
997,441.36058229289097
998,441.36058229289097
999,441.36058229289097
