Iter,Best_Result
0,2199.3238053700393
1,2199.3238053700393
2,2199.3238053700393
3,2199.3238053700393
4,2199.3238053700393
5,2199.3238053700393
6,2199.3238053700393
7,2199.3238053700393
8,2199.3238053700393
9,2199.3238053700393
10,2199.3238053700393
11,2199.3238053700393
12,2199.3238053700393
13,2199.3238053700393
14,2199.3238053700393
15,2199.3238053700393
16,2199.3238053700393
17,2199.3238053700393
18,2199.3238053700393
19,2199.3238053700393
20,2199.3238053700393
21,2199.3238053700393
22,2199.3238053700393
23,2199.3238053700393
24,2199.3238053700393
25,2199.3238053700393
26,2199.3238053700393
27,2199.3238053700393
28,2199.3238053700393
29,2199.3238053700393
30,2199.3238053700393
31,2199.3238053700393
32,2199.3238053700393
33,2199.3238053700393
34,2199.3238053700393
35,2199.3238053700393
36,2199.3238053700393
37,2199.3238053700393
38,2199.3238053700393
39,2199.3238053700393
40,2199.3238053700393
41,2199.3238053700393
42,2199.3238053700393
43,2199.3238053700393
44,2199.3238053700393
45,2199.3238053700393
46,2199.3238053700393
47,2199.3238053700393
48,2199.3238053700393
49,2199.3238053700393
50,2199.3238053700393
51,2199.3238053700393
52,2199.3238053700393
53,2199.3238053700393
54,2199.3238053700393
55,2199.3238053700393
56,2199.3238053700393
57,2199.3238053700393
58,2199.3238053700393
59,2199.3238053700393
60,2199.3238053700393
61,2199.3238053700393
62,2199.3238053700393
63,2199.3238053700393
64,2199.3238053700393
65,2199.3238053700393
66,2199.3238053700393
67,2199.3238053700393
68,2199.3238053700393
69,2199.3238053700393
70,2199.3238053700393
71,2199.3238053700393
72,2199.3238053700393
73,2199.3238053700393
74,2199.3238053700393
75,2199.3238053700393
76,2199.3238053700393
77,2199.3238053700393
78,2199.3238053700393
79,2199.3238053700393
80,2199.3238053700393
81,2199.3238053700393
82,2199.3238053700393
83,2199.3238053700393
84,2199.3238053700393
85,2199.3238053700393
86,2199.3238053700393
87,2199.3238053700393
88,2199.3238053700393
89,2199.3238053700393
90,2179.6441962861268
91,2179.6441962861268
92,2179.6441962861268
93,2179.6441962861268
94,2179.6441962861268
95,2179.6441962861268
96,2179.6441962861268
97,2179.6441962861268
98,2179.6441962861268
99,2179.6441962861268
100,2179.6441962861268
101,2179.6441962861268
102,2179.6441962861268
103,2179.6441962861268
104,2179.6441962861268
105,2179.6441962861268
106,2179.6441962861268
107,2179.6441962861268
108,2179.6441962861268
109,2179.6441962861268
110,2179.6441962861268
111,2179.6441962861268
112,2179.6441962861268
113,2179.6441962861268
114,2179.6441962861268
115,2179.6441962861268
116,2179.6441962861268
117,2179.6441962861268
118,2179.6441962861268
119,2179.6441962861268
120,2179.6441962861268
121,2179.6441962861268
122,2179.6441962861268
123,2179.6441962861268
124,2179.6441962861268
125,2179.6441962861268
126,2179.6441962861268
127,2179.6441962861268
128,2179.6441962861268
129,2179.6441962861268
130,2179.6441962861268
131,2179.6441962861268
132,2179.6441962861268
133,2179.6441962861268
134,2179.6441962861268
135,2179.6441962861268
136,2179.6441962861268
137,2179.6441962861268
138,2179.6441962861268
139,2179.6441962861268
140,2179.6441962861268
141,2179.6441962861268
142,2179.6441962861268
143,2179.6441962861268
144,2179.6441962861268
145,2179.6441962861268
146,2179.6441962861268
147,2179.6441962861268
148,2179.6441962861268
149,2179.6441962861268
150,2179.6441962861268
151,2179.6441962861268
152,2179.6441962861268
153,2179.6441962861268
154,2179.6441962861268
155,2179.6441962861268
156,2179.6441962861268
157,2179.6441962861268
158,2179.6441962861268
159,2179.6441962861268
160,2179.6441962861268
161,2179.6441962861268
162,2179.6441962861268
163,2179.6441962861268
164,2179.6441962861268
165,2179.6441962861268
166,2179.6441962861268
167,2179.6441962861268
168,2179.6441962861268
169,2179.6441962861268
170,2179.6441962861268
171,2179.6441962861268
172,2179.6441962861268
173,2179.6441962861268
174,2179.6441962861268
175,2179.6441962861268
176,2179.6441962861268
177,2179.6441962861268
178,2179.6441962861268
179,2179.6441962861268
180,2179.6441962861268
181,2179.6441962861268
182,2179.6441962861268
183,2179.6441962861268
184,2179.6441962861268
185,2179.6441962861268
186,2179.6441962861268
187,2179.6441962861268
188,2179.6441962861268
189,2179.6441962861268
190,2179.6441962861268
191,2179.6441962861268
192,2179.6441962861268
193,2179.6441962861268
194,2179.6441962861268
195,2179.6441962861268
196,2179.6441962861268
197,2179.6441962861268
198,2179.6441962861268
199,2179.6441962861268
200,2179.6441962861268
201,2179.6441962861268
202,2179.6441962861268
203,2179.6441962861268
204,2179.6441962861268
205,2179.6441962861268
206,2179.6441962861268
207,2179.6441962861268
208,2179.6441962861268
209,2179.6441962861268
210,2179.6441962861268
211,2179.6441962861268
212,2179.6441962861268
213,2179.6441962861268
214,2179.6441962861268
215,2179.6441962861268
216,2179.6441962861268
217,2179.6441962861268
218,2179.6441962861268
219,2179.6441962861268
220,2179.6441962861268
221,2179.6441962861268
222,2179.6441962861268
223,2179.6441962861268
224,2179.6441962861268
225,2179.6441962861268
226,2179.6441962861268
227,2179.6441962861268
228,2179.6441962861268
229,2179.6441962861268
230,2179.6441962861268
231,2179.6441962861268
232,2179.6441962861268
233,2179.6441962861268
234,2179.6441962861268
235,2179.6441962861268
236,2179.6441962861268
237,2179.6441962861268
238,2179.6441962861268
239,2179.6441962861268
240,2179.6441962861268
241,2179.6441962861268
242,2179.6441962861268
243,2179.6441962861268
244,2179.6441962861268
245,2179.6441962861268
246,2179.6441962861268
247,2179.6441962861268
248,2179.6441962861268
249,2179.6441962861268
250,2179.6441962861268
251,2179.6441962861268
252,2179.6441962861268
253,2179.6441962861268
254,2179.6441962861268
255,2179.6441962861268
256,2179.6441962861268
257,2179.6441962861268
258,2179.6441962861268
259,2179.6441962861268
260,2179.6441962861268
261,2179.6441962861268
262,2179.6441962861268
263,2179.6441962861268
264,2179.6441962861268
265,2179.6441962861268
266,2179.6441962861268
267,2179.6441962861268
268,2179.6441962861268
269,2179.6441962861268
270,2179.6441962861268
271,2179.6441962861268
272,2179.6441962861268
273,2179.6441962861268
274,2179.6441962861268
275,2179.6441962861268
276,2179.6441962861268
277,2179.6441962861268
278,2179.6441962861268
279,2179.6441962861268
280,2179.6441962861268
281,2179.6441962861268
282,2179.6441962861268
283,2179.6441962861268
284,2179.6441962861268
285,2179.6441962861268
286,2179.6441962861268
287,2179.6441962861268
288,2179.6441962861268
289,2179.6441962861268
290,2179.6441962861268
291,2179.6441962861268
292,2179.6441962861268
293,2179.6441962861268
294,2179.6441962861268
295,2179.6441962861268
296,2179.6441962861268
297,2179.6441962861268
298,2179.6441962861268
299,2179.6441962861268
300,2179.6441962861268
301,2179.6441962861268
302,2179.6441962861268
303,2179.6441962861268
304,2179.6441962861268
305,2179.6441962861268
306,2179.6441962861268
307,2179.6441962861268
308,2179.6441962861268
309,2179.6441962861268
310,2179.6441962861268
311,2179.6441962861268
312,2179.6441962861268
313,2179.6441962861268
314,2179.6441962861268
315,2179.6441962861268
316,2179.6441962861268
317,2179.6441962861268
318,2179.6441962861268
319,2179.6441962861268
320,2179.6441962861268
321,2179.6441962861268
322,2179.6441962861268
323,2179.6441962861268
324,2179.6441962861268
325,2179.6441962861268
326,2179.6441962861268
327,2179.6441962861268
328,2179.6441962861268
329,2179.6441962861268
330,2179.6441962861268
331,2179.6441962861268
332,2179.6441962861268
333,2179.6441962861268
334,2179.6441962861268
335,2179.6441962861268
336,2179.6441962861268
337,2179.6441962861268
338,2179.6441962861268
339,2179.6441962861268
340,2179.6441962861268
341,2179.6441962861268
342,2179.6441962861268
343,2179.6441962861268
344,2179.6441962861268
345,2179.6441962861268
346,2179.6441962861268
347,2179.6441962861268
348,2179.6441962861268
349,2179.6441962861268
350,2179.6441962861268
351,2179.6441962861268
352,2179.6441962861268
353,2179.6441962861268
354,2179.6441962861268
355,2179.6441962861268
356,2179.6441962861268
357,2179.6441962861268
358,2179.6441962861268
359,2179.6441962861268
360,2179.6441962861268
361,2179.6441962861268
362,2179.6441962861268
363,2179.6441962861268
364,2179.6441962861268
365,2179.6441962861268
366,2179.6441962861268
367,2179.6441962861268
368,2179.6441962861268
369,2179.6441962861268
370,2179.6441962861268
371,2179.6441962861268
372,2179.6441962861268
373,2179.6441962861268
374,2179.6441962861268
375,2179.6441962861268
376,2179.6441962861268
377,2179.6441962861268
378,2179.6441962861268
379,2179.6441962861268
380,2179.6441962861268
381,2179.6441962861268
382,2179.6441962861268
383,2179.6441962861268
384,2179.6441962861268
385,2179.6441962861268
386,2179.6441962861268
387,2179.6441962861268
388,2179.6441962861268
389,2179.6441962861268
390,2179.6441962861268
391,2179.6441962861268
392,2179.6441962861268
393,2179.6441962861268
394,2179.6441962861268
395,2179.6441962861268
396,2179.6441962861268
397,2179.6441962861268
398,2179.6441962861268
399,2179.6441962861268
400,2179.6441962861268
401,2179.6441962861268
402,2179.6441962861268
403,2179.6441962861268
404,2179.6441962861268
405,2179.6441962861268
406,2179.6441962861268
407,2179.6441962861268
408,2179.6441962861268
409,2179.6441962861268
410,2179.6441962861268
411,2179.6441962861268
412,2179.6441962861268
413,2179.6441962861268
414,2179.6441962861268
415,2179.6441962861268
416,2179.6441962861268
417,2179.6441962861268
418,2179.6441962861268
419,2179.6441962861268
420,2179.6441962861268
421,2179.6441962861268
422,2179.6441962861268
423,2179.6441962861268
424,2179.6441962861268
425,2179.6441962861268
426,2179.6441962861268
427,2179.6441962861268
428,2179.6441962861268
429,2179.6441962861268
430,2179.6441962861268
431,2179.6441962861268
432,2179.6441962861268
433,2179.6441962861268
434,2179.6441962861268
435,2179.6441962861268
436,2179.6441962861268
437,2179.6441962861268
438,2179.6441962861268
439,2179.6441962861268
440,2179.6441962861268
441,2179.6441962861268
442,2179.6441962861268
443,2179.6441962861268
444,2179.6441962861268
445,2179.6441962861268
446,2179.6441962861268
447,2179.6441962861268
448,2179.6441962861268
449,2179.6441962861268
450,2179.6441962861268
451,2179.6441962861268
452,2179.6441962861268
453,2179.6441962861268
454,2179.6441962861268
455,2179.6441962861268
456,2179.6441962861268
457,2179.6441962861268
458,2179.6441962861268
459,2179.6441962861268
460,2179.6441962861268
461,2179.6441962861268
462,2179.6441962861268
463,2179.6441962861268
464,2179.6441962861268
465,2179.6441962861268
466,2179.6441962861268
467,2179.6441962861268
468,2179.6441962861268
469,2179.6441962861268
470,2179.6441962861268
471,2179.6441962861268
472,2179.6441962861268
473,2179.6441962861268
474,2179.6441962861268
475,2179.6441962861268
476,2179.6441962861268
477,2179.6441962861268
478,2179.6441962861268
479,2179.6441962861268
480,2179.6441962861268
481,2179.6441962861268
482,2179.6441962861268
483,2179.6441962861268
484,2179.6441962861268
485,2179.6441962861268
486,2179.6441962861268
487,2179.6441962861268
488,2179.6441962861268
489,2179.6441962861268
490,2179.6441962861268
491,2179.6441962861268
492,2179.6441962861268
493,2179.6441962861268
494,2179.6441962861268
495,2179.6441962861268
496,2179.6441962861268
497,2179.6441962861268
498,2179.6441962861268
499,2179.6441962861268
500,2179.6441962861268
501,2179.6441962861268
502,2179.6441962861268
503,2179.6441962861268
504,2179.6441962861268
505,2179.6441962861268
506,2179.6441962861268
507,2179.2993548910054
508,2179.2993548910054
509,2179.2993548910054
510,2179.2993548910054
511,2179.2993548910054
512,2179.2993548910054
513,2179.2993548910054
514,2179.2993548910054
515,2179.2993548910054
516,2179.2993548910054
517,2179.2993548910054
518,2179.2993548910054
519,2179.2993548910054
520,2179.2993548910054
521,2179.2993548910054
522,2179.2993548910054
523,2179.2993548910054
524,2179.2993548910054
525,2179.2993548910054
526,2179.2993548910054
527,2179.2993548910054
528,2179.2993548910054
529,2179.2993548910054
530,2179.2993548910054
531,2179.2993548910054
532,2179.2993548910054
533,2179.2993548910054
534,2179.2993548910054
535,2179.2993548910054
536,2179.2993548910054
537,2179.2993548910054
538,2179.2993548910054
539,2179.2993548910054
540,2179.2993548910054
541,2179.2993548910054
542,2179.2993548910054
543,2179.2993548910054
544,2179.2993548910054
545,2179.2993548910054
546,2179.2993548910054
547,2179.2993548910054
548,2179.2993548910054
549,2179.2993548910054
550,2179.2993548910054
551,2179.2993548910054
552,2179.2993548910054
553,2179.2993548910054
554,2179.2993548910054
555,2179.2993548910054
556,2179.2993548910054
557,2179.2993548910054
558,2179.2993548910054
559,2179.2993548910054
560,2179.2993548910054
561,2179.2993548910054
562,2179.2993548910054
563,2179.2993548910054
564,2179.2993548910054
565,2179.2993548910054
566,2179.2993548910054
567,2179.2993548910054
568,2179.2993548910054
569,2179.2993548910054
570,2179.2993548910054
571,2179.2993548910054
572,2179.2993548910054
573,2179.2993548910054
574,2179.2993548910054
575,2179.2993548910054
576,2179.2993548910054
577,2179.2993548910054
578,2179.2993548910054
579,2179.2993548910054
580,2179.2993548910054
581,2179.2993548910054
582,2179.2993548910054
583,2179.2993548910054
584,2179.2993548910054
585,2179.2993548910054
586,2179.2993548910054
587,2179.2993548910054
588,2179.2993548910054
589,2179.2993548910054
590,2179.2993548910054
591,2179.2993548910054
592,2179.2993548910054
593,2179.2993548910054
594,2179.2993548910054
595,2179.2993548910054
596,2179.2993548910054
597,2179.2993548910054
598,2179.2993548910054
599,2179.2993548910054
600,2179.2993548910054
601,2179.2993548910054
602,2179.2993548910054
603,2179.2993548910054
604,2179.2993548910054
605,2179.2993548910054
606,2179.2993548910054
607,2179.2993548910054
608,2179.2993548910054
609,2179.2993548910054
610,2179.2993548910054
611,2179.2993548910054
612,2179.2993548910054
613,2179.2993548910054
614,2179.2993548910054
615,2179.2993548910054
616,2179.2993548910054
617,2179.2993548910054
618,2179.2993548910054
619,2179.2993548910054
620,2179.2993548910054
621,2179.2993548910054
622,2179.2993548910054
623,2179.2993548910054
624,2179.2993548910054
625,2179.2993548910054
626,2179.2993548910054
627,2179.2993548910054
628,2179.2993548910054
629,2179.2993548910054
630,2179.2993548910054
631,2179.2993548910054
632,2179.2993548910054
633,2179.2993548910054
634,2179.2993548910054
635,2179.2993548910054
636,2179.2993548910054
637,2179.2993548910054
638,2179.2993548910054
639,2179.2993548910054
640,2179.2993548910054
641,2179.2993548910054
642,2179.2993548910054
643,2179.2993548910054
644,2179.2993548910054
645,2179.2993548910054
646,2179.2993548910054
647,2179.2993548910054
648,2179.2993548910054
649,2179.2993548910054
650,2179.2993548910054
651,2179.2993548910054
652,2179.2993548910054
653,2179.2993548910054
654,2179.2993548910054
655,2179.2993548910054
656,2179.2993548910054
657,2179.2993548910054
658,2179.2993548910054
659,2179.2993548910054
660,2179.2993548910054
661,2179.2993548910054
662,2179.2993548910054
663,2179.2993548910054
664,2179.2993548910054
665,2179.2993548910054
666,2179.2993548910054
667,2179.2993548910054
668,2179.2993548910054
669,2179.2993548910054
670,2179.2993548910054
671,2179.2993548910054
672,2179.2993548910054
673,2179.2993548910054
674,2179.2993548910054
675,2179.2993548910054
676,2179.2993548910054
677,2179.2993548910054
678,2179.2993548910054
679,2179.2993548910054
680,2179.2993548910054
681,2179.2993548910054
682,2179.2993548910054
683,2179.2993548910054
684,2179.2993548910054
685,2179.2993548910054
686,2179.2993548910054
687,2179.2993548910054
688,2179.2993548910054
689,2179.2993548910054
690,2179.2993548910054
691,2179.2993548910054
692,2179.2993548910054
693,2179.2993548910054
694,2179.2993548910054
695,2179.2993548910054
696,2179.2993548910054
697,2179.2993548910054
698,2179.2993548910054
699,2179.2993548910054
700,2179.2993548910054
701,2179.2993548910054
702,2179.2993548910054
703,2179.2993548910054
704,2179.2993548910054
705,2179.2993548910054
706,2179.2993548910054
707,2179.2993548910054
708,2179.2993548910054
709,2179.2993548910054
710,2179.2993548910054
711,2179.2993548910054
712,2179.2993548910054
713,2179.2993548910054
714,2179.2993548910054
715,2179.2993548910054
716,2179.2993548910054
717,2179.2993548910054
718,2179.2993548910054
719,2179.2993548910054
720,2179.2993548910054
721,2179.2993548910054
722,2179.2993548910054
723,2179.2993548910054
724,2179.2993548910054
725,2179.2993548910054
726,2179.2993548910054
727,2179.2993548910054
728,2179.2993548910054
729,2179.2993548910054
730,2179.2993548910054
731,2179.2993548910054
732,2179.2993548910054
733,2179.2993548910054
734,2179.2993548910054
735,2179.2993548910054
736,2179.2993548910054
737,2179.2993548910054
738,2179.2993548910054
739,2179.2993548910054
740,2179.2993548910054
741,2179.2993548910054
742,2179.2993548910054
743,2179.2993548910054
744,2179.2993548910054
745,2179.2993548910054
746,2179.2993548910054
747,2179.2993548910054
748,2179.2993548910054
749,2179.2993548910054
750,2179.2993548910054
751,2179.2993548910054
752,2179.2993548910054
753,2179.2993548910054
754,2179.2993548910054
755,2179.2993548910054
756,2179.2993548910054
757,2179.2993548910054
758,2179.2993548910054
759,2179.2993548910054
760,2179.2993548910054
761,2179.2993548910054
762,2179.2993548910054
763,2179.2993548910054
764,2179.2993548910054
765,2179.2993548910054
766,2179.2993548910054
767,2179.2993548910054
768,2179.2993548910054
769,2179.2993548910054
770,2179.2993548910054
771,2179.2993548910054
772,2179.2993548910054
773,2179.2993548910054
774,2179.2993548910054
775,2179.2993548910054
776,2179.2993548910054
777,2179.2993548910054
778,2179.2993548910054
779,2179.2993548910054
780,2179.2993548910054
781,2179.2993548910054
782,2179.2993548910054
783,2179.2993548910054
784,2179.2993548910054
785,2179.2993548910054
786,2179.2993548910054
787,2179.2993548910054
788,2179.2993548910054
789,2179.2993548910054
790,2179.2993548910054
791,2179.2993548910054
792,2179.2993548910054
793,2179.2993548910054
794,2179.2993548910054
795,2179.2993548910054
796,2179.2993548910054
797,2179.2993548910054
798,2179.2993548910054
799,2179.2993548910054
800,2179.2993548910054
801,2179.2993548910054
802,2179.2993548910054
803,2179.2993548910054
804,2179.2993548910054
805,2179.2993548910054
806,2179.2993548910054
807,2179.2993548910054
808,2179.2993548910054
809,2179.2993548910054
810,2179.2993548910054
811,2179.2993548910054
812,2179.2993548910054
813,2179.2993548910054
814,2179.2993548910054
815,2179.2993548910054
816,2179.2993548910054
817,2179.2993548910054
818,2179.2993548910054
819,2179.2993548910054
820,2179.2993548910054
821,2179.2993548910054
822,2179.2993548910054
823,2179.2993548910054
824,2179.2993548910054
825,2179.2993548910054
826,2179.2993548910054
827,2179.2993548910054
828,2179.2993548910054
829,2179.2993548910054
830,2179.2993548910054
831,2179.2993548910054
832,2179.2993548910054
833,2179.2993548910054
834,2179.2993548910054
835,2179.2993548910054
836,2179.2993548910054
837,2179.2993548910054
838,2179.2993548910054
839,2179.2993548910054
840,2179.2993548910054
841,2179.2993548910054
842,2179.2993548910054
843,2179.2993548910054
844,2179.2993548910054
845,2179.2993548910054
846,2179.2993548910054
847,2179.2993548910054
848,2179.2993548910054
849,2179.2993548910054
850,2179.2993548910054
851,2179.2993548910054
852,2179.2993548910054
853,2179.2993548910054
854,2179.2993548910054
855,2179.2993548910054
856,2179.2993548910054
857,2179.2993548910054
858,2179.2993548910054
859,2179.2993548910054
860,2179.2993548910054
861,2179.2993548910054
862,2179.2993548910054
863,2179.2993548910054
864,2179.2993548910054
865,2179.2993548910054
866,2179.2993548910054
867,2179.2993548910054
868,2179.2993548910054
869,2179.2993548910054
870,2179.2993548910054
871,2179.2993548910054
872,2179.2993548910054
873,2179.2993548910054
874,2179.2993548910054
875,2179.2993548910054
876,2179.2993548910054
877,2179.2993548910054
878,2179.2993548910054
879,2179.2993548910054
880,2179.2993548910054
881,2179.2993548910054
882,2179.2993548910054
883,2179.2993548910054
884,2179.2993548910054
885,2179.2993548910054
886,2179.2993548910054
887,2179.2993548910054
888,2179.2993548910054
889,2179.2993548910054
890,2179.2993548910054
891,2179.2993548910054
892,2179.2993548910054
893,2179.2993548910054
894,2179.2993548910054
895,2179.2993548910054
896,2179.2993548910054
897,2179.2993548910054
898,2179.2993548910054
899,2179.2993548910054
900,2179.2993548910054
901,2179.2993548910054
902,2179.2993548910054
903,2179.2993548910054
904,2179.2993548910054
905,2179.2993548910054
906,2179.2993548910054
907,2179.2993548910054
908,2179.2993548910054
909,2179.2993548910054
910,2179.2993548910054
911,2179.2993548910054
912,2179.2993548910054
913,2179.2993548910054
914,2179.2993548910054
915,2179.2993548910054
916,2179.2993548910054
917,2179.2993548910054
918,2179.2993548910054
919,2179.2993548910054
920,2179.2993548910054
921,2179.2993548910054
922,2179.2993548910054
923,2179.2993548910054
924,2179.2993548910054
925,2179.2993548910054
926,2179.2993548910054
927,2179.2993548910054
928,2179.2993548910054
929,2179.2993548910054
930,2179.2993548910054
931,2179.2993548910054
932,2179.2993548910054
933,2179.2993548910054
934,2179.2993548910054
935,2179.2993548910054
936,2179.2993548910054
937,2179.2993548910054
938,2179.2993548910054
939,2179.2993548910054
940,2179.2993548910054
941,2179.2993548910054
942,2179.2993548910054
943,2179.2993548910054
944,2179.2993548910054
945,2179.2993548910054
946,2179.2993548910054
947,2179.2993548910054
948,2179.2993548910054
949,2179.2993548910054
950,2179.2993548910054
951,2179.2993548910054
952,2179.2993548910054
953,2179.2993548910054
954,2179.2993548910054
955,2179.2993548910054
956,2179.2993548910054
957,2179.2993548910054
958,2179.2993548910054
959,2179.2993548910054
960,2179.2993548910054
961,2179.2993548910054
962,2179.2993548910054
963,2179.2993548910054
964,2179.2993548910054
965,2179.2993548910054
966,2179.2993548910054
967,2179.2993548910054
968,2179.2993548910054
969,2179.2993548910054
970,2179.2993548910054
971,2179.2993548910054
972,2179.2993548910054
973,2179.2993548910054
974,2179.2993548910054
975,2179.2993548910054
976,2179.2993548910054
977,2179.2993548910054
978,2179.2993548910054
979,2179.2993548910054
980,2179.2993548910054
981,2179.2993548910054
982,2179.2993548910054
983,2179.2993548910054
984,2179.2993548910054
985,2179.2993548910054
986,2179.2993548910054
987,2179.2993548910054
988,2179.2993548910054
989,2179.2993548910054
990,2179.2993548910054
991,2179.2993548910054
992,2179.2993548910054
993,2179.2993548910054
994,2179.2993548910054
995,2179.2993548910054
996,2179.2993548910054
997,2179.2993548910054
998,2179.2993548910054
999,2179.2993548910054
