Iter,Best_Result
0,1007.722322421781
1,1007.722322421781
2,1007.722322421781
3,1007.722322421781
4,1007.722322421781
5,1007.722322421781
6,1007.722322421781
7,1007.722322421781
8,1007.722322421781
9,1007.722322421781
10,1007.722322421781
11,1007.722322421781
12,1007.722322421781
13,1007.722322421781
14,1007.722322421781
15,1007.722322421781
16,1007.722322421781
17,1007.722322421781
18,1007.722322421781
19,1007.722322421781
20,1007.722322421781
21,1007.722322421781
22,1007.722322421781
23,1007.722322421781
24,1007.722322421781
25,1007.722322421781
26,1007.722322421781
27,1007.722322421781
28,1007.722322421781
29,1007.722322421781
30,1007.722322421781
31,1007.722322421781
32,1007.722322421781
33,1007.722322421781
34,1007.722322421781
35,1007.722322421781
36,1007.722322421781
37,1007.722322421781
38,1007.722322421781
39,1007.722322421781
40,1007.722322421781
41,1007.722322421781
42,1007.722322421781
43,1007.722322421781
44,1007.722322421781
45,1007.722322421781
46,1007.722322421781
47,1007.722322421781
48,1007.722322421781
49,1007.722322421781
50,1007.722322421781
51,1007.722322421781
52,1007.722322421781
53,1007.722322421781
54,1007.722322421781
55,1007.722322421781
56,1007.722322421781
57,1007.722322421781
58,1007.722322421781
59,1007.722322421781
60,1007.722322421781
61,1007.722322421781
62,1007.722322421781
63,1007.722322421781
64,1007.722322421781
65,1007.722322421781
66,1007.722322421781
67,1007.722322421781
68,1007.722322421781
69,1007.722322421781
70,1007.722322421781
71,1007.722322421781
72,1007.722322421781
73,1007.722322421781
74,1007.722322421781
75,1007.722322421781
76,1007.722322421781
77,1007.722322421781
78,1007.722322421781
79,1007.722322421781
80,1007.722322421781
81,1007.722322421781
82,1007.722322421781
83,1007.722322421781
84,1007.722322421781
85,1007.722322421781
86,1007.722322421781
87,1007.722322421781
88,1007.722322421781
89,1007.722322421781
90,1007.722322421781
91,1007.722322421781
92,1007.722322421781
93,1007.722322421781
94,1007.722322421781
95,1007.722322421781
96,1007.722322421781
97,1007.722322421781
98,1007.722322421781
99,1007.722322421781
100,1007.722322421781
101,1007.722322421781
102,1007.722322421781
103,1007.722322421781
104,1007.722322421781
105,1007.722322421781
106,1007.722322421781
107,1007.722322421781
108,1007.722322421781
109,1007.722322421781
110,1007.722322421781
111,1007.722322421781
112,1007.722322421781
113,1007.722322421781
114,1007.722322421781
115,1007.722322421781
116,1007.722322421781
117,1007.722322421781
118,1007.722322421781
119,1007.722322421781
120,1007.722322421781
121,1007.722322421781
122,1007.722322421781
123,1007.722322421781
124,1007.722322421781
125,1007.722322421781
126,1007.722322421781
127,1007.722322421781
128,1007.722322421781
129,1007.722322421781
130,1007.722322421781
131,1007.722322421781
132,1007.722322421781
133,1007.722322421781
134,1007.722322421781
135,1007.722322421781
136,1007.722322421781
137,1007.722322421781
138,1007.722322421781
139,1007.722322421781
140,1007.722322421781
141,1007.722322421781
142,1007.722322421781
143,1007.722322421781
144,1007.722322421781
145,1007.722322421781
146,1007.722322421781
147,1007.722322421781
148,1007.722322421781
149,1007.722322421781
150,1007.722322421781
151,1007.722322421781
152,1007.722322421781
153,1007.722322421781
154,1007.722322421781
155,1007.722322421781
156,1007.722322421781
157,1007.722322421781
158,1007.722322421781
159,1007.722322421781
160,1007.722322421781
161,1007.722322421781
162,1007.722322421781
163,1007.722322421781
164,1007.722322421781
165,1007.722322421781
166,1007.722322421781
167,1007.722322421781
168,1007.722322421781
169,1007.722322421781
170,1007.722322421781
171,1007.722322421781
172,1007.722322421781
173,1007.722322421781
174,1007.722322421781
175,1007.722322421781
176,1007.722322421781
177,1007.722322421781
178,1007.722322421781
179,1007.722322421781
180,1007.722322421781
181,1007.722322421781
182,1007.722322421781
183,1007.722322421781
184,1007.722322421781
185,1007.722322421781
186,1007.722322421781
187,1007.722322421781
188,1007.722322421781
189,1007.722322421781
190,1007.722322421781
191,1007.722322421781
192,1007.722322421781
193,1007.722322421781
194,1007.722322421781
195,1007.722322421781
196,1007.722322421781
197,1007.722322421781
198,1007.722322421781
199,1007.722322421781
200,1007.722322421781
201,1007.722322421781
202,1007.722322421781
203,1007.722322421781
204,1007.722322421781
205,1007.722322421781
206,1007.722322421781
207,1007.722322421781
208,1007.722322421781
209,1007.722322421781
210,1007.722322421781
211,1007.722322421781
212,1007.722322421781
213,1007.722322421781
214,1007.722322421781
215,1007.722322421781
216,1007.722322421781
217,1007.722322421781
218,1007.722322421781
219,1007.722322421781
220,1007.722322421781
221,1007.722322421781
222,1007.722322421781
223,1007.722322421781
224,1007.722322421781
225,1007.722322421781
226,1007.722322421781
227,1007.722322421781
228,1007.722322421781
229,1007.722322421781
230,1007.722322421781
231,1007.722322421781
232,1007.722322421781
233,1007.722322421781
234,1007.722322421781
235,1007.722322421781
236,1007.722322421781
237,1007.722322421781
238,1007.722322421781
239,1007.722322421781
240,1007.722322421781
241,1007.722322421781
242,1007.722322421781
243,1007.722322421781
244,1007.722322421781
245,1007.722322421781
246,1007.722322421781
247,1007.722322421781
248,1007.722322421781
249,1007.722322421781
250,1007.722322421781
251,1007.722322421781
252,1007.722322421781
253,1007.722322421781
254,1007.722322421781
255,1007.722322421781
256,1007.722322421781
257,1007.722322421781
258,1007.722322421781
259,1007.722322421781
260,1007.722322421781
261,1007.722322421781
262,1007.722322421781
263,1007.722322421781
264,1007.722322421781
265,1007.722322421781
266,1007.722322421781
267,1007.722322421781
268,1007.722322421781
269,1007.722322421781
270,1007.722322421781
271,1007.722322421781
272,1007.722322421781
273,1007.722322421781
274,1007.722322421781
275,1007.722322421781
276,1007.722322421781
277,1007.722322421781
278,1007.722322421781
279,1007.722322421781
280,1007.722322421781
281,1007.722322421781
282,1007.722322421781
283,1007.722322421781
284,1007.722322421781
285,1007.722322421781
286,1007.722322421781
287,1007.722322421781
288,1007.722322421781
289,1007.722322421781
290,1007.722322421781
291,1007.722322421781
292,1007.722322421781
293,1007.722322421781
294,1007.722322421781
295,1007.722322421781
296,1007.722322421781
297,1007.722322421781
298,1007.722322421781
299,1007.722322421781
300,1007.722322421781
301,1007.722322421781
302,1007.722322421781
303,1007.722322421781
304,1007.722322421781
305,1007.722322421781
306,1007.722322421781
307,1007.722322421781
308,1007.722322421781
309,1007.722322421781
310,1007.722322421781
311,1007.722322421781
312,1007.722322421781
313,1007.722322421781
314,1007.722322421781
315,1007.722322421781
316,1007.722322421781
317,1007.722322421781
318,1007.722322421781
319,1007.722322421781
320,1007.722322421781
321,1007.722322421781
322,1007.722322421781
323,1007.722322421781
324,1007.722322421781
325,1007.722322421781
326,1007.722322421781
327,1007.722322421781
328,1007.722322421781
329,1007.722322421781
330,1007.722322421781
331,1007.722322421781
332,1007.722322421781
333,1007.722322421781
334,1007.722322421781
335,1007.722322421781
336,1007.722322421781
337,1007.722322421781
338,1007.722322421781
339,1007.722322421781
340,1007.722322421781
341,1007.722322421781
342,1007.722322421781
343,1007.722322421781
344,1007.722322421781
345,1007.722322421781
346,1007.722322421781
347,1007.722322421781
348,1007.722322421781
349,1007.722322421781
350,1007.722322421781
351,1007.722322421781
352,1007.722322421781
353,1007.722322421781
354,1007.722322421781
355,1007.722322421781
356,1007.722322421781
357,1007.722322421781
358,1007.722322421781
359,1007.722322421781
360,1007.722322421781
361,1007.722322421781
362,1007.722322421781
363,1007.722322421781
364,1007.722322421781
365,1007.722322421781
366,1007.722322421781
367,1007.722322421781
368,1007.722322421781
369,1007.722322421781
370,1007.722322421781
371,1007.722322421781
372,1007.722322421781
373,1007.722322421781
374,1007.722322421781
375,1007.722322421781
376,1007.722322421781
377,1007.722322421781
378,1007.722322421781
379,1007.722322421781
380,1007.722322421781
381,1007.722322421781
382,1007.722322421781
383,1007.722322421781
384,1007.722322421781
385,1007.722322421781
386,1007.722322421781
387,1007.722322421781
388,1007.722322421781
389,1007.722322421781
390,1007.722322421781
391,1007.722322421781
392,1007.722322421781
393,1007.722322421781
394,1007.722322421781
395,1007.722322421781
396,1007.722322421781
397,1007.722322421781
398,1007.722322421781
399,1007.722322421781
400,1007.722322421781
401,1007.722322421781
402,1007.722322421781
403,1007.722322421781
404,1007.722322421781
405,1007.722322421781
406,1007.722322421781
407,1007.722322421781
408,1007.722322421781
409,1007.722322421781
410,1007.722322421781
411,1007.722322421781
412,1007.722322421781
413,1007.722322421781
414,1007.722322421781
415,1007.722322421781
416,1007.722322421781
417,1007.722322421781
418,1007.722322421781
419,1007.722322421781
420,1007.722322421781
421,1007.722322421781
422,1007.722322421781
423,1007.722322421781
424,1007.722322421781
425,1007.722322421781
426,1007.722322421781
427,1007.722322421781
428,1007.722322421781
429,1007.722322421781
430,1007.722322421781
431,1007.722322421781
432,1007.722322421781
433,1007.722322421781
434,1007.722322421781
435,1007.722322421781
436,1007.722322421781
437,1007.722322421781
438,1007.722322421781
439,1007.722322421781
440,1007.722322421781
441,1007.722322421781
442,1007.722322421781
443,1007.722322421781
444,1007.722322421781
445,1007.722322421781
446,1007.722322421781
447,1007.722322421781
448,1007.722322421781
449,1007.722322421781
450,1007.722322421781
451,1007.722322421781
452,1007.722322421781
453,1007.722322421781
454,1007.722322421781
455,1007.722322421781
456,1007.722322421781
457,1007.722322421781
458,1007.722322421781
459,1007.722322421781
460,1007.722322421781
461,1007.722322421781
462,1007.722322421781
463,1007.722322421781
464,1007.722322421781
465,1007.722322421781
466,1007.722322421781
467,1007.722322421781
468,1007.722322421781
469,1007.722322421781
470,1007.722322421781
471,1007.722322421781
472,1007.722322421781
473,1007.722322421781
474,1007.722322421781
475,1007.722322421781
476,1007.722322421781
477,1007.722322421781
478,1007.722322421781
479,1007.722322421781
480,1007.722322421781
481,1007.722322421781
482,1007.722322421781
483,1007.722322421781
484,1007.722322421781
485,1007.722322421781
486,1007.722322421781
487,1007.722322421781
488,1007.722322421781
489,1007.722322421781
490,1007.722322421781
491,1007.722322421781
492,1007.722322421781
493,1007.722322421781
494,1007.722322421781
495,1007.722322421781
496,1007.722322421781
497,1007.722322421781
498,1007.722322421781
499,1007.722322421781
500,1007.722322421781
501,1007.722322421781
502,1007.722322421781
503,1007.722322421781
504,1007.722322421781
505,1007.722322421781
506,1007.722322421781
507,1007.722322421781
508,1007.722322421781
509,1007.722322421781
510,1007.722322421781
511,1007.722322421781
512,1007.722322421781
513,1007.722322421781
514,1007.722322421781
515,1007.722322421781
516,1007.722322421781
517,1007.722322421781
518,1007.722322421781
519,1007.722322421781
520,1007.722322421781
521,1007.722322421781
522,1007.722322421781
523,1007.722322421781
524,1007.722322421781
525,1007.722322421781
526,1007.722322421781
527,1007.722322421781
528,1007.722322421781
529,1007.722322421781
530,1007.722322421781
531,1007.722322421781
532,1007.722322421781
533,1007.722322421781
534,1007.722322421781
535,1007.722322421781
536,1007.722322421781
537,1007.722322421781
538,1007.722322421781
539,1007.722322421781
540,1007.722322421781
541,1007.722322421781
542,1007.722322421781
543,1007.722322421781
544,1007.722322421781
545,1007.722322421781
546,1007.722322421781
547,1007.722322421781
548,1007.722322421781
549,1007.722322421781
550,1007.722322421781
551,1007.722322421781
552,1007.722322421781
553,1007.722322421781
554,1007.722322421781
555,1007.722322421781
556,1007.722322421781
557,1007.722322421781
558,1007.722322421781
559,1007.722322421781
560,1007.722322421781
561,1007.722322421781
562,1007.722322421781
563,1007.722322421781
564,1007.722322421781
565,1007.722322421781
566,1007.722322421781
567,1007.722322421781
568,1007.722322421781
569,1007.722322421781
570,1007.722322421781
571,1007.722322421781
572,1007.722322421781
573,1007.722322421781
574,1007.722322421781
575,1007.722322421781
576,1007.722322421781
577,1007.722322421781
578,1007.722322421781
579,1007.722322421781
580,1007.722322421781
581,1007.722322421781
582,1007.722322421781
583,1007.722322421781
584,1007.722322421781
585,1007.722322421781
586,1007.722322421781
587,1007.722322421781
588,1007.722322421781
589,1007.722322421781
590,1007.722322421781
591,1007.722322421781
592,1007.722322421781
593,1007.722322421781
594,1007.722322421781
595,1007.722322421781
596,1007.722322421781
597,1007.722322421781
598,1007.722322421781
599,1007.722322421781
600,1007.722322421781
601,1007.722322421781
602,1007.722322421781
603,1007.722322421781
604,1007.722322421781
605,1007.722322421781
606,1007.722322421781
607,1007.722322421781
608,1007.722322421781
609,1007.722322421781
610,1007.722322421781
611,1007.722322421781
612,1007.722322421781
613,1007.722322421781
614,1007.722322421781
615,1007.722322421781
616,1007.722322421781
617,1007.722322421781
618,1007.722322421781
619,1007.722322421781
620,1007.722322421781
621,1007.722322421781
622,1007.722322421781
623,1007.722322421781
624,1007.722322421781
625,1007.722322421781
626,1007.722322421781
627,1007.722322421781
628,1007.722322421781
629,1007.722322421781
630,1007.722322421781
631,1007.722322421781
632,1007.722322421781
633,1007.722322421781
634,1007.722322421781
635,1007.722322421781
636,1007.722322421781
637,1007.722322421781
638,1007.722322421781
639,1007.722322421781
640,1007.722322421781
641,1007.722322421781
642,1007.722322421781
643,1007.722322421781
644,1007.722322421781
645,1007.722322421781
646,1007.722322421781
647,1007.722322421781
648,1007.722322421781
649,1007.722322421781
650,1007.722322421781
651,1007.722322421781
652,1007.722322421781
653,1007.722322421781
654,1007.722322421781
655,1007.722322421781
656,1007.722322421781
657,1007.722322421781
658,1007.722322421781
659,1007.722322421781
660,1007.722322421781
661,1007.722322421781
662,1007.722322421781
663,1007.722322421781
664,1007.722322421781
665,1007.722322421781
666,1007.722322421781
667,1007.722322421781
668,1007.722322421781
669,1007.722322421781
670,1007.722322421781
671,1007.722322421781
672,1007.722322421781
673,1007.722322421781
674,1007.722322421781
675,1007.722322421781
676,1007.722322421781
677,1007.722322421781
678,1007.722322421781
679,1007.722322421781
680,1007.722322421781
681,1007.722322421781
682,1007.722322421781
683,1007.722322421781
684,1007.722322421781
685,1007.722322421781
686,1007.722322421781
687,1007.722322421781
688,1007.722322421781
689,1007.722322421781
690,1007.722322421781
691,1007.722322421781
692,1007.722322421781
693,1007.722322421781
694,1007.722322421781
695,1007.722322421781
696,1007.722322421781
697,1007.722322421781
698,1007.722322421781
699,1007.722322421781
700,1007.722322421781
701,1007.722322421781
702,1007.722322421781
703,1007.722322421781
704,1007.722322421781
705,1007.722322421781
706,1007.722322421781
707,1007.722322421781
708,1007.722322421781
709,1007.722322421781
710,1007.722322421781
711,1007.722322421781
712,1007.722322421781
713,1007.722322421781
714,1007.722322421781
715,1007.722322421781
716,1007.722322421781
717,1007.722322421781
718,1007.722322421781
719,1007.722322421781
720,1007.722322421781
721,1007.722322421781
722,1007.722322421781
723,1007.722322421781
724,1007.722322421781
725,1007.722322421781
726,1007.722322421781
727,1007.722322421781
728,1007.722322421781
729,1007.722322421781
730,1007.722322421781
731,1007.722322421781
732,1007.722322421781
733,1007.722322421781
734,1007.722322421781
735,1007.722322421781
736,1007.722322421781
737,1007.722322421781
738,1007.722322421781
739,1007.722322421781
740,1007.722322421781
741,1007.722322421781
742,1007.722322421781
743,1007.722322421781
744,1007.722322421781
745,1007.722322421781
746,1007.722322421781
747,1007.722322421781
748,1007.722322421781
749,1007.722322421781
750,1007.722322421781
751,1007.722322421781
752,1007.722322421781
753,1007.722322421781
754,1007.722322421781
755,1007.722322421781
756,1007.722322421781
757,1007.722322421781
758,1007.722322421781
759,1007.722322421781
760,1007.722322421781
761,1007.722322421781
762,1007.722322421781
763,1007.722322421781
764,1007.722322421781
765,1007.722322421781
766,1007.722322421781
767,1007.722322421781
768,1007.722322421781
769,1007.722322421781
770,1007.722322421781
771,1007.722322421781
772,1007.722322421781
773,1007.722322421781
774,1007.722322421781
775,1007.722322421781
776,1007.722322421781
777,1007.722322421781
778,1007.722322421781
779,1007.722322421781
780,1007.722322421781
781,1007.722322421781
782,1007.722322421781
783,1007.722322421781
784,1007.722322421781
785,1007.722322421781
786,1007.722322421781
787,1007.722322421781
788,1007.722322421781
789,1007.722322421781
790,1007.722322421781
791,1007.722322421781
792,1007.722322421781
793,1007.722322421781
794,1007.722322421781
795,1007.722322421781
796,1007.722322421781
797,1007.722322421781
798,1007.722322421781
799,1007.722322421781
800,1007.722322421781
801,1007.722322421781
802,1007.722322421781
803,1007.722322421781
804,1007.722322421781
805,1007.722322421781
806,1007.722322421781
807,1007.722322421781
808,1007.722322421781
809,1007.722322421781
810,1007.722322421781
811,1007.722322421781
812,1007.722322421781
813,1007.722322421781
814,1007.722322421781
815,1007.722322421781
816,1007.722322421781
817,1007.722322421781
818,1007.722322421781
819,1007.722322421781
820,1007.722322421781
821,1007.722322421781
822,1007.722322421781
823,1007.722322421781
824,1007.722322421781
825,1007.722322421781
826,1007.722322421781
827,1007.722322421781
828,1007.722322421781
829,1007.722322421781
830,1007.722322421781
831,1007.722322421781
832,1007.722322421781
833,1007.722322421781
834,1007.722322421781
835,1007.722322421781
836,1007.722322421781
837,1007.722322421781
838,1007.722322421781
839,1007.722322421781
840,1007.722322421781
841,1007.722322421781
842,1007.722322421781
843,1007.722322421781
844,1007.722322421781
845,1007.722322421781
846,1007.722322421781
847,1007.722322421781
848,1007.722322421781
849,1007.722322421781
850,1007.722322421781
851,1007.722322421781
852,1007.722322421781
853,1007.722322421781
854,1007.722322421781
855,1007.722322421781
856,1007.722322421781
857,1007.722322421781
858,1007.722322421781
859,1007.722322421781
860,1007.722322421781
861,1007.722322421781
862,1007.722322421781
863,1007.722322421781
864,1007.722322421781
865,1007.722322421781
866,1007.722322421781
867,1007.722322421781
868,1007.722322421781
869,1007.722322421781
870,1007.722322421781
871,1007.722322421781
872,1007.722322421781
873,1007.722322421781
874,1007.722322421781
875,1007.722322421781
876,1007.722322421781
877,1007.722322421781
878,1007.722322421781
879,1007.722322421781
880,1007.722322421781
881,1007.722322421781
882,1007.722322421781
883,1007.722322421781
884,1007.722322421781
885,1007.722322421781
886,1007.722322421781
887,1007.722322421781
888,1007.722322421781
889,1007.722322421781
890,1007.722322421781
891,1007.722322421781
892,1007.722322421781
893,1007.722322421781
894,1007.722322421781
895,1007.722322421781
896,1007.722322421781
897,1007.722322421781
898,1007.722322421781
899,1007.722322421781
900,1007.722322421781
901,1007.722322421781
902,1007.722322421781
903,1007.722322421781
904,1007.722322421781
905,1007.722322421781
906,1007.722322421781
907,1007.722322421781
908,1007.722322421781
909,1007.722322421781
910,1007.722322421781
911,1007.722322421781
912,1007.722322421781
913,1007.722322421781
914,1007.722322421781
915,1007.722322421781
916,1007.722322421781
917,1007.722322421781
918,1007.722322421781
919,1007.722322421781
920,1007.722322421781
921,1007.722322421781
922,1007.722322421781
923,1007.722322421781
924,1007.722322421781
925,1007.722322421781
926,1007.722322421781
927,1007.722322421781
928,1007.722322421781
929,1007.722322421781
930,1007.722322421781
931,1007.722322421781
932,1007.722322421781
933,1007.722322421781
934,1007.722322421781
935,1007.722322421781
936,1007.722322421781
937,1007.722322421781
938,1007.722322421781
939,1007.722322421781
940,1007.722322421781
941,1007.722322421781
942,1007.722322421781
943,1007.722322421781
944,1007.722322421781
945,1007.722322421781
946,1007.722322421781
947,1007.722322421781
948,1007.722322421781
949,1007.722322421781
950,1007.722322421781
951,1007.722322421781
952,1007.722322421781
953,1007.722322421781
954,1007.722322421781
955,1007.722322421781
956,1007.722322421781
957,1007.722322421781
958,1007.722322421781
959,1007.722322421781
960,1007.722322421781
961,1007.722322421781
962,1007.722322421781
963,1007.722322421781
964,1007.722322421781
965,1007.722322421781
966,1007.722322421781
967,1007.722322421781
968,1007.722322421781
969,1007.722322421781
970,1007.722322421781
971,1007.722322421781
972,1007.722322421781
973,1007.722322421781
974,1007.722322421781
975,1007.722322421781
976,1007.722322421781
977,1007.722322421781
978,1007.722322421781
979,1007.722322421781
980,1007.722322421781
981,1007.722322421781
982,1007.722322421781
983,1007.722322421781
984,1007.722322421781
985,1007.722322421781
986,1007.722322421781
987,1007.722322421781
988,1007.722322421781
989,1007.722322421781
990,1007.722322421781
991,1007.722322421781
992,1007.722322421781
993,1007.722322421781
994,1007.722322421781
995,1007.722322421781
996,1007.722322421781
997,1007.722322421781
998,1007.722322421781
999,1007.722322421781
