Iter,Best_Result
0,185.1678359083679
1,185.1678359083679
2,185.1678359083679
3,185.1678359083679
4,185.1678359083679
5,185.1678359083679
6,185.1678359083679
7,185.1678359083679
8,185.1678359083679
9,185.1678359083679
10,185.1678359083679
11,185.1678359083679
12,185.1678359083679
13,185.1678359083679
14,185.1678359083679
15,185.1678359083679
16,185.1678359083679
17,185.1678359083679
18,185.1678359083679
19,185.1678359083679
20,185.1678359083679
21,185.1678359083679
22,185.1678359083679
23,185.1678359083679
24,185.1678359083679
25,185.1678359083679
26,185.1678359083679
27,185.1678359083679
28,185.1678359083679
29,185.1678359083679
30,185.1678359083679
31,185.1678359083679
32,185.1678359083679
33,185.1678359083679
34,185.1678359083679
35,185.1678359083679
36,185.1678359083679
37,185.1678359083679
38,185.1678359083679
39,185.1678359083679
40,185.1678359083679
41,185.1678359083679
42,185.1678359083679
43,185.1678359083679
44,185.1678359083679
45,185.1678359083679
46,185.1678359083679
47,185.1678359083679
48,185.1678359083679
49,185.1678359083679
50,185.1678359083679
51,185.1678359083679
52,185.1678359083679
53,185.1678359083679
54,185.1678359083679
55,185.1678359083679
56,185.1678359083679
57,185.1678359083679
58,185.1678359083679
59,185.1678359083679
60,185.1678359083679
61,185.1678359083679
62,185.1678359083679
63,185.1678359083679
64,185.1678359083679
65,185.1678359083679
66,185.1678359083679
67,185.1678359083679
68,185.1678359083679
69,185.1678359083679
70,185.1678359083679
71,185.1678359083679
72,185.1678359083679
73,185.1678359083679
74,185.1678359083679
75,185.1678359083679
76,185.1678359083679
77,185.1678359083679
78,185.1678359083679
79,185.1678359083679
80,185.1678359083679
81,185.1678359083679
82,185.1678359083679
83,185.1678359083679
84,185.1678359083679
85,185.1678359083679
86,185.1678359083679
87,185.1678359083679
88,185.1678359083679
89,185.1678359083679
90,185.1678359083679
91,185.1678359083679
92,185.1678359083679
93,185.1678359083679
94,185.1678359083679
95,185.1678359083679
96,185.1678359083679
97,185.1678359083679
98,185.1678359083679
99,185.1678359083679
100,185.1678359083679
101,185.1678359083679
102,185.1678359083679
103,185.1678359083679
104,185.1678359083679
105,185.1678359083679
106,185.1678359083679
107,185.1678359083679
108,185.1678359083679
109,185.1678359083679
110,185.1678359083679
111,185.1678359083679
112,185.1678359083679
113,185.1678359083679
114,185.1678359083679
115,185.1678359083679
116,185.1678359083679
117,185.1678359083679
118,185.1678359083679
119,185.1678359083679
120,185.1678359083679
121,185.1678359083679
122,185.1678359083679
123,185.1678359083679
124,185.1678359083679
125,185.1678359083679
126,185.1678359083679
127,185.1678359083679
128,185.1678359083679
129,185.1678359083679
130,185.1678359083679
131,185.1678359083679
132,185.1678359083679
133,185.1678359083679
134,185.1678359083679
135,185.1678359083679
136,185.1678359083679
137,185.1678359083679
138,185.1678359083679
139,185.1678359083679
140,185.1678359083679
141,185.1678359083679
142,185.1678359083679
143,185.1678359083679
144,185.1678359083679
145,185.1678359083679
146,185.1678359083679
147,185.1678359083679
148,185.1678359083679
149,185.1678359083679
150,185.1678359083679
151,185.1678359083679
152,185.1678359083679
153,185.1678359083679
154,185.1678359083679
155,185.1678359083679
156,185.1678359083679
157,185.1678359083679
158,185.1678359083679
159,139.80182773647627
160,139.80182773647627
161,139.80182773647627
162,139.80182773647627
163,139.80182773647627
164,139.80182773647627
165,139.80182773647627
166,139.80182773647627
167,139.80182773647627
168,139.80182773647627
169,139.80182773647627
170,139.80182773647627
171,139.80182773647627
172,139.80182773647627
173,139.80182773647627
174,139.80182773647627
175,139.80182773647627
176,139.80182773647627
177,139.80182773647627
178,139.80182773647627
179,139.80182773647627
180,139.80182773647627
181,139.80182773647627
182,139.80182773647627
183,139.80182773647627
184,139.80182773647627
185,139.80182773647627
186,139.80182773647627
187,139.80182773647627
188,139.80182773647627
189,139.80182773647627
190,139.80182773647627
191,139.80182773647627
192,139.80182773647627
193,139.80182773647627
194,139.80182773647627
195,139.80182773647627
196,139.80182773647627
197,139.80182773647627
198,139.80182773647627
199,139.80182773647627
200,139.80182773647627
201,139.80182773647627
202,139.80182773647627
203,139.80182773647627
204,139.80182773647627
205,139.80182773647627
206,139.80182773647627
207,139.80182773647627
208,139.80182773647627
209,139.80182773647627
210,139.80182773647627
211,139.80182773647627
212,139.80182773647627
213,139.80182773647627
214,139.80182773647627
215,139.80182773647627
216,139.80182773647627
217,139.80182773647627
218,139.80182773647627
219,139.80182773647627
220,139.80182773647627
221,139.80182773647627
222,139.80182773647627
223,139.80182773647627
224,139.80182773647627
225,139.80182773647627
226,139.80182773647627
227,139.80182773647627
228,139.80182773647627
229,139.80182773647627
230,139.80182773647627
231,139.80182773647627
232,139.80182773647627
233,139.80182773647627
234,139.80182773647627
235,139.80182773647627
236,139.80182773647627
237,139.80182773647627
238,139.80182773647627
239,139.80182773647627
240,139.80182773647627
241,139.80182773647627
242,139.80182773647627
243,139.80182773647627
244,139.80182773647627
245,139.80182773647627
246,139.80182773647627
247,139.80182773647627
248,139.80182773647627
249,139.80182773647627
250,139.80182773647627
251,139.80182773647627
252,139.80182773647627
253,139.80182773647627
254,139.80182773647627
255,139.80182773647627
256,139.80182773647627
257,139.80182773647627
258,139.80182773647627
259,139.80182773647627
260,139.80182773647627
261,139.80182773647627
262,139.80182773647627
263,139.80182773647627
264,139.80182773647627
265,139.80182773647627
266,139.80182773647627
267,139.80182773647627
268,139.80182773647627
269,139.80182773647627
270,139.80182773647627
271,139.80182773647627
272,139.80182773647627
273,139.80182773647627
274,139.80182773647627
275,139.80182773647627
276,139.80182773647627
277,139.80182773647627
278,139.80182773647627
279,139.80182773647627
280,139.80182773647627
281,139.80182773647627
282,139.80182773647627
283,139.80182773647627
284,139.80182773647627
285,139.80182773647627
286,139.80182773647627
287,139.80182773647627
288,139.80182773647627
289,139.80182773647627
290,139.80182773647627
291,139.80182773647627
292,139.80182773647627
293,139.80182773647627
294,139.80182773647627
295,139.80182773647627
296,139.80182773647627
297,139.80182773647627
298,139.80182773647627
299,139.80182773647627
300,139.80182773647627
301,139.80182773647627
302,139.80182773647627
303,139.80182773647627
304,139.80182773647627
305,139.80182773647627
306,139.80182773647627
307,139.80182773647627
308,139.80182773647627
309,139.80182773647627
310,139.80182773647627
311,139.80182773647627
312,139.80182773647627
313,139.80182773647627
314,139.80182773647627
315,139.80182773647627
316,139.80182773647627
317,139.80182773647627
318,139.80182773647627
319,139.80182773647627
320,139.80182773647627
321,139.80182773647627
322,139.80182773647627
323,139.80182773647627
324,139.80182773647627
325,139.80182773647627
326,139.80182773647627
327,139.80182773647627
328,139.80182773647627
329,139.80182773647627
330,139.80182773647627
331,139.80182773647627
332,139.80182773647627
333,139.80182773647627
334,139.80182773647627
335,139.80182773647627
336,139.80182773647627
337,139.80182773647627
338,139.80182773647627
339,139.80182773647627
340,139.80182773647627
341,139.80182773647627
342,139.80182773647627
343,139.80182773647627
344,139.80182773647627
345,139.80182773647627
346,139.80182773647627
347,139.80182773647627
348,139.80182773647627
349,139.80182773647627
350,139.80182773647627
351,139.80182773647627
352,139.80182773647627
353,139.80182773647627
354,139.80182773647627
355,139.80182773647627
356,139.80182773647627
357,139.80182773647627
358,139.80182773647627
359,139.80182773647627
360,139.80182773647627
361,139.80182773647627
362,139.80182773647627
363,139.80182773647627
364,139.80182773647627
365,139.80182773647627
366,139.80182773647627
367,139.80182773647627
368,139.80182773647627
369,139.80182773647627
370,139.80182773647627
371,139.80182773647627
372,139.80182773647627
373,139.80182773647627
374,139.80182773647627
375,139.80182773647627
376,139.80182773647627
377,139.80182773647627
378,139.80182773647627
379,139.80182773647627
380,139.80182773647627
381,139.80182773647627
382,139.80182773647627
383,139.80182773647627
384,139.80182773647627
385,139.80182773647627
386,139.80182773647627
387,139.80182773647627
388,139.80182773647627
389,139.80182773647627
390,139.80182773647627
391,139.80182773647627
392,139.80182773647627
393,139.80182773647627
394,139.80182773647627
395,139.80182773647627
396,139.80182773647627
397,139.80182773647627
398,139.80182773647627
399,139.80182773647627
400,139.80182773647627
401,139.80182773647627
402,139.80182773647627
403,139.80182773647627
404,139.80182773647627
405,139.80182773647627
406,139.80182773647627
407,139.80182773647627
408,71.65844829403369
409,71.65844829403369
410,71.65844829403369
411,71.65844829403369
412,71.65844829403369
413,71.65844829403369
414,71.65844829403369
415,71.65844829403369
416,71.65844829403369
417,71.65844829403369
418,71.65844829403369
419,71.65844829403369
420,71.65844829403369
421,71.65844829403369
422,71.65844829403369
423,71.65844829403369
424,71.65844829403369
425,71.65844829403369
426,71.65844829403369
427,71.65844829403369
428,71.65844829403369
429,71.65844829403369
430,71.65844829403369
431,71.65844829403369
432,71.65844829403369
433,71.65844829403369
434,71.65844829403369
435,71.65844829403369
436,71.65844829403369
437,71.65844829403369
438,71.65844829403369
439,71.65844829403369
440,71.65844829403369
441,71.65844829403369
442,71.65844829403369
443,71.65844829403369
444,71.65844829403369
445,71.65844829403369
446,71.65844829403369
447,71.65844829403369
448,71.65844829403369
449,71.65844829403369
450,71.65844829403369
451,71.65844829403369
452,71.65844829403369
453,71.65844829403369
454,71.65844829403369
455,71.65844829403369
456,71.65844829403369
457,71.65844829403369
458,71.65844829403369
459,71.65844829403369
460,71.65844829403369
461,71.65844829403369
462,71.65844829403369
463,71.65844829403369
464,71.65844829403369
465,71.65844829403369
466,71.65844829403369
467,71.65844829403369
468,71.65844829403369
469,71.65844829403369
470,71.65844829403369
471,71.65844829403369
472,71.65844829403369
473,71.65844829403369
474,71.65844829403369
475,71.65844829403369
476,71.65844829403369
477,71.65844829403369
478,71.65844829403369
479,71.65844829403369
480,71.65844829403369
481,71.65844829403369
482,71.65844829403369
483,71.65844829403369
484,71.65844829403369
485,71.65844829403369
486,71.65844829403369
487,71.65844829403369
488,71.65844829403369
489,71.65844829403369
490,71.65844829403369
491,71.65844829403369
492,71.65844829403369
493,71.65844829403369
494,71.65844829403369
495,71.65844829403369
496,71.65844829403369
497,71.65844829403369
498,71.65844829403369
499,71.65844829403369
500,71.65844829403369
501,71.65844829403369
502,71.65844829403369
503,71.65844829403369
504,71.65844829403369
505,71.65844829403369
506,71.65844829403369
507,71.65844829403369
508,71.65844829403369
509,71.65844829403369
510,71.65844829403369
511,71.65844829403369
512,71.65844829403369
513,71.65844829403369
514,71.65844829403369
515,71.65844829403369
516,71.65844829403369
517,71.65844829403369
518,71.65844829403369
519,71.65844829403369
520,71.65844829403369
521,71.65844829403369
522,71.65844829403369
523,71.65844829403369
524,71.65844829403369
525,71.65844829403369
526,71.65844829403369
527,71.65844829403369
528,71.65844829403369
529,71.65844829403369
530,71.65844829403369
531,71.65844829403369
532,71.65844829403369
533,71.65844829403369
534,71.65844829403369
535,71.65844829403369
536,71.65844829403369
537,71.65844829403369
538,71.65844829403369
539,71.65844829403369
540,71.65844829403369
541,71.65844829403369
542,71.65844829403369
543,71.65844829403369
544,71.65844829403369
545,71.65844829403369
546,71.65844829403369
547,71.65844829403369
548,71.65844829403369
549,71.65844829403369
550,71.65844829403369
551,71.65844829403369
552,71.65844829403369
553,71.65844829403369
554,71.65844829403369
555,71.65844829403369
556,71.65844829403369
557,71.65844829403369
558,71.65844829403369
559,71.65844829403369
560,71.65844829403369
561,71.65844829403369
562,71.65844829403369
563,71.65844829403369
564,71.65844829403369
565,71.65844829403369
566,71.65844829403369
567,71.65844829403369
568,71.65844829403369
569,71.65844829403369
570,71.65844829403369
571,71.65844829403369
572,71.65844829403369
573,71.65844829403369
574,71.65844829403369
575,71.65844829403369
576,71.65844829403369
577,71.65844829403369
578,71.65844829403369
579,71.65844829403369
580,71.65844829403369
581,71.65844829403369
582,71.65844829403369
583,71.65844829403369
584,71.65844829403369
585,71.65844829403369
586,71.65844829403369
587,71.65844829403369
588,71.65844829403369
589,71.65844829403369
590,71.65844829403369
591,71.65844829403369
592,71.65844829403369
593,71.65844829403369
594,71.65844829403369
595,71.65844829403369
596,71.65844829403369
597,71.65844829403369
598,71.65844829403369
599,71.65844829403369
600,71.65844829403369
601,71.65844829403369
602,71.65844829403369
603,71.65844829403369
604,71.65844829403369
605,71.65844829403369
606,71.65844829403369
607,71.65844829403369
608,71.65844829403369
609,71.65844829403369
610,71.65844829403369
611,71.65844829403369
612,71.65844829403369
613,71.65844829403369
614,71.65844829403369
615,71.65844829403369
616,71.65844829403369
617,71.65844829403369
618,71.65844829403369
619,71.65844829403369
620,71.65844829403369
621,71.65844829403369
622,71.65844829403369
623,71.65844829403369
624,71.65844829403369
625,71.65844829403369
626,71.65844829403369
627,71.65844829403369
628,71.65844829403369
629,71.65844829403369
630,71.65844829403369
631,71.65844829403369
632,71.65844829403369
633,71.65844829403369
634,71.65844829403369
635,71.65844829403369
636,71.65844829403369
637,71.65844829403369
638,71.65844829403369
639,71.65844829403369
640,71.65844829403369
641,71.65844829403369
642,71.65844829403369
643,71.65844829403369
644,71.65844829403369
645,71.65844829403369
646,71.65844829403369
647,71.65844829403369
648,71.65844829403369
649,71.65844829403369
650,71.65844829403369
651,71.65844829403369
652,71.65844829403369
653,71.65844829403369
654,71.65844829403369
655,71.65844829403369
656,71.65844829403369
657,71.65844829403369
658,71.65844829403369
659,71.65844829403369
660,71.65844829403369
661,71.65844829403369
662,71.65844829403369
663,71.65844829403369
664,71.65844829403369
665,71.65844829403369
666,71.65844829403369
667,71.65844829403369
668,71.65844829403369
669,71.65844829403369
670,71.65844829403369
671,71.65844829403369
672,71.65844829403369
673,71.65844829403369
674,71.65844829403369
675,71.65844829403369
676,71.65844829403369
677,71.65844829403369
678,71.65844829403369
679,71.65844829403369
680,71.65844829403369
681,71.65844829403369
682,71.65844829403369
683,71.65844829403369
684,71.65844829403369
685,71.65844829403369
686,71.65844829403369
687,71.65844829403369
688,71.65844829403369
689,71.65844829403369
690,71.65844829403369
691,71.65844829403369
692,71.65844829403369
693,71.65844829403369
694,71.65844829403369
695,71.65844829403369
696,71.65844829403369
697,71.65844829403369
698,71.65844829403369
699,71.65844829403369
700,71.65844829403369
701,71.65844829403369
702,71.65844829403369
703,71.65844829403369
704,71.65844829403369
705,71.65844829403369
706,71.65844829403369
707,71.65844829403369
708,71.65844829403369
709,71.65844829403369
710,71.65844829403369
711,71.65844829403369
712,71.65844829403369
713,71.65844829403369
714,71.65844829403369
715,71.65844829403369
716,71.65844829403369
717,71.65844829403369
718,71.65844829403369
719,71.65844829403369
720,71.65844829403369
721,71.65844829403369
722,71.65844829403369
723,71.65844829403369
724,71.65844829403369
725,71.65844829403369
726,71.65844829403369
727,71.65844829403369
728,71.65844829403369
729,71.65844829403369
730,71.65844829403369
731,71.65844829403369
732,71.65844829403369
733,71.65844829403369
734,71.65844829403369
735,71.65844829403369
736,71.65844829403369
737,71.65844829403369
738,71.65844829403369
739,71.65844829403369
740,71.65844829403369
741,71.65844829403369
742,71.65844829403369
743,71.65844829403369
744,71.65844829403369
745,71.65844829403369
746,71.65844829403369
747,71.65844829403369
748,71.65844829403369
749,71.65844829403369
750,71.65844829403369
751,71.65844829403369
752,71.65844829403369
753,71.65844829403369
754,71.65844829403369
755,71.65844829403369
756,71.65844829403369
757,71.65844829403369
758,71.65844829403369
759,71.65844829403369
760,71.65844829403369
761,71.65844829403369
762,71.65844829403369
763,71.65844829403369
764,71.65844829403369
765,71.65844829403369
766,71.65844829403369
767,71.65844829403369
768,71.65844829403369
769,71.65844829403369
770,71.65844829403369
771,71.65844829403369
772,71.65844829403369
773,71.65844829403369
774,71.65844829403369
775,71.65844829403369
776,71.65844829403369
777,71.65844829403369
778,71.65844829403369
779,71.65844829403369
780,71.65844829403369
781,71.65844829403369
782,71.65844829403369
783,71.65844829403369
784,71.65844829403369
785,71.65844829403369
786,71.65844829403369
787,71.65844829403369
788,71.65844829403369
789,71.65844829403369
790,71.65844829403369
791,71.65844829403369
792,71.65844829403369
793,71.65844829403369
794,71.65844829403369
795,71.65844829403369
796,71.65844829403369
797,71.65844829403369
798,71.65844829403369
799,71.65844829403369
800,71.65844829403369
801,71.65844829403369
802,71.65844829403369
803,71.65844829403369
804,71.65844829403369
805,71.65844829403369
806,71.65844829403369
807,71.65844829403369
808,71.65844829403369
809,71.65844829403369
810,71.65844829403369
811,71.65844829403369
812,71.65844829403369
813,71.65844829403369
814,71.65844829403369
815,71.65844829403369
816,71.65844829403369
817,71.65844829403369
818,71.65844829403369
819,71.65844829403369
820,71.65844829403369
821,71.65844829403369
822,71.65844829403369
823,71.65844829403369
824,71.65844829403369
825,71.65844829403369
826,71.65844829403369
827,71.65844829403369
828,71.65844829403369
829,71.65844829403369
830,71.65844829403369
831,71.65844829403369
832,71.65844829403369
833,71.65844829403369
834,71.65844829403369
835,71.65844829403369
836,71.65844829403369
837,71.65844829403369
838,71.65844829403369
839,71.65844829403369
840,71.65844829403369
841,71.65844829403369
842,71.65844829403369
843,71.65844829403369
844,71.65844829403369
845,71.65844829403369
846,71.65844829403369
847,71.65844829403369
848,71.65844829403369
849,71.65844829403369
850,71.65844829403369
851,71.65844829403369
852,71.65844829403369
853,71.65844829403369
854,71.65844829403369
855,71.65844829403369
856,71.65844829403369
857,71.65844829403369
858,71.65844829403369
859,71.65844829403369
860,71.65844829403369
861,71.65844829403369
862,71.65844829403369
863,71.65844829403369
864,71.65844829403369
865,71.65844829403369
866,71.65844829403369
867,71.65844829403369
868,71.65844829403369
869,71.65844829403369
870,71.65844829403369
871,71.65844829403369
872,71.65844829403369
873,71.65844829403369
874,71.65844829403369
875,71.65844829403369
876,71.65844829403369
877,71.65844829403369
878,71.65844829403369
879,71.65844829403369
880,71.65844829403369
881,71.65844829403369
882,71.65844829403369
883,71.65844829403369
884,71.65844829403369
885,71.65844829403369
886,71.65844829403369
887,71.65844829403369
888,71.65844829403369
889,71.65844829403369
890,71.65844829403369
891,71.65844829403369
892,71.65844829403369
893,71.65844829403369
894,71.65844829403369
895,71.65844829403369
896,71.65844829403369
897,71.65844829403369
898,71.65844829403369
899,71.65844829403369
900,71.65844829403369
901,71.65844829403369
902,71.65844829403369
903,71.65844829403369
904,71.65844829403369
905,71.65844829403369
906,71.65844829403369
907,71.65844829403369
908,71.65844829403369
909,71.65844829403369
910,71.65844829403369
911,71.65844829403369
912,71.65844829403369
913,71.65844829403369
914,71.65844829403369
915,71.65844829403369
916,71.65844829403369
917,71.65844829403369
918,71.65844829403369
919,71.65844829403369
920,71.65844829403369
921,71.65844829403369
922,71.65844829403369
923,71.65844829403369
924,71.65844829403369
925,71.65844829403369
926,71.65844829403369
927,71.65844829403369
928,71.65844829403369
929,71.65844829403369
930,71.65844829403369
931,71.65844829403369
932,71.65844829403369
933,71.65844829403369
934,71.65844829403369
935,71.65844829403369
936,71.65844829403369
937,71.65844829403369
938,71.65844829403369
939,71.65844829403369
940,71.65844829403369
941,71.65844829403369
942,71.65844829403369
943,71.65844829403369
944,71.65844829403369
945,71.65844829403369
946,71.65844829403369
947,71.65844829403369
948,71.65844829403369
949,71.65844829403369
950,71.65844829403369
951,71.65844829403369
952,71.65844829403369
953,71.65844829403369
954,71.65844829403369
955,71.65844829403369
956,71.65844829403369
957,71.65844829403369
958,71.65844829403369
959,71.65844829403369
960,71.65844829403369
961,71.65844829403369
962,71.65844829403369
963,71.65844829403369
964,71.65844829403369
965,71.65844829403369
966,71.65844829403369
967,71.65844829403369
968,71.65844829403369
969,71.65844829403369
970,71.65844829403369
971,71.65844829403369
972,71.65844829403369
973,71.65844829403369
974,71.65844829403369
975,71.65844829403369
976,71.65844829403369
977,71.65844829403369
978,71.65844829403369
979,71.65844829403369
980,71.65844829403369
981,71.65844829403369
982,71.65844829403369
983,71.65844829403369
984,71.65844829403369
985,71.65844829403369
986,71.65844829403369
987,71.65844829403369
988,71.65844829403369
989,71.65844829403369
990,71.65844829403369
991,71.65844829403369
992,71.65844829403369
993,71.65844829403369
994,71.65844829403369
995,71.65844829403369
996,71.65844829403369
997,71.65844829403369
998,71.65844829403369
999,71.65844829403369
