Iter,Best_Result
0,389.51031483598615
1,389.51031483598615
2,389.51031483598615
3,389.51031483598615
4,389.51031483598615
5,389.51031483598615
6,389.51031483598615
7,389.51031483598615
8,389.51031483598615
9,389.51031483598615
10,389.51031483598615
11,389.51031483598615
12,389.51031483598615
13,389.51031483598615
14,389.51031483598615
15,389.51031483598615
16,389.51031483598615
17,389.51031483598615
18,389.51031483598615
19,389.51031483598615
20,389.51031483598615
21,389.51031483598615
22,389.51031483598615
23,389.51031483598615
24,389.51031483598615
25,389.51031483598615
26,389.51031483598615
27,389.51031483598615
28,389.51031483598615
29,389.51031483598615
30,389.51031483598615
31,389.51031483598615
32,389.51031483598615
33,389.51031483598615
34,389.51031483598615
35,389.51031483598615
36,389.51031483598615
37,389.51031483598615
38,389.51031483598615
39,389.51031483598615
40,389.51031483598615
41,389.51031483598615
42,389.51031483598615
43,389.51031483598615
44,389.51031483598615
45,389.51031483598615
46,389.51031483598615
47,389.51031483598615
48,389.51031483598615
49,389.51031483598615
50,133.681501168851
51,133.681501168851
52,133.681501168851
53,133.681501168851
54,133.681501168851
55,133.681501168851
56,133.681501168851
57,133.681501168851
58,133.681501168851
59,133.681501168851
60,133.681501168851
61,133.681501168851
62,133.681501168851
63,133.681501168851
64,133.681501168851
65,133.681501168851
66,133.681501168851
67,133.681501168851
68,133.681501168851
69,133.681501168851
70,133.681501168851
71,133.681501168851
72,133.681501168851
73,133.681501168851
74,133.681501168851
75,133.681501168851
76,133.681501168851
77,133.681501168851
78,133.681501168851
79,133.681501168851
80,133.681501168851
81,133.681501168851
82,133.681501168851
83,133.681501168851
84,133.681501168851
85,133.681501168851
86,133.681501168851
87,133.681501168851
88,133.681501168851
89,133.681501168851
90,133.681501168851
91,133.681501168851
92,133.681501168851
93,133.681501168851
94,133.681501168851
95,133.681501168851
96,133.681501168851
97,133.681501168851
98,133.681501168851
99,133.681501168851
100,133.681501168851
101,133.681501168851
102,133.681501168851
103,133.681501168851
104,133.681501168851
105,133.681501168851
106,133.681501168851
107,133.681501168851
108,133.681501168851
109,133.681501168851
110,133.681501168851
111,133.681501168851
112,133.681501168851
113,133.681501168851
114,133.681501168851
115,133.681501168851
116,133.681501168851
117,133.681501168851
118,133.681501168851
119,133.681501168851
120,133.681501168851
121,133.681501168851
122,133.681501168851
123,133.681501168851
124,133.681501168851
125,133.681501168851
126,133.681501168851
127,133.681501168851
128,133.681501168851
129,133.681501168851
130,133.681501168851
131,133.681501168851
132,133.681501168851
133,133.681501168851
134,133.681501168851
135,133.681501168851
136,133.681501168851
137,133.681501168851
138,133.681501168851
139,133.681501168851
140,133.681501168851
141,133.681501168851
142,133.681501168851
143,133.681501168851
144,133.681501168851
145,133.681501168851
146,133.681501168851
147,133.681501168851
148,133.681501168851
149,133.681501168851
150,133.681501168851
151,133.681501168851
152,133.681501168851
153,133.681501168851
154,133.681501168851
155,133.681501168851
156,133.681501168851
157,133.681501168851
158,133.681501168851
159,133.681501168851
160,133.681501168851
161,133.681501168851
162,133.681501168851
163,133.681501168851
164,133.681501168851
165,133.681501168851
166,133.681501168851
167,133.681501168851
168,133.681501168851
169,133.681501168851
170,133.681501168851
171,133.681501168851
172,133.681501168851
173,133.681501168851
174,133.681501168851
175,133.681501168851
176,133.681501168851
177,133.681501168851
178,133.681501168851
179,133.681501168851
180,133.681501168851
181,133.681501168851
182,133.681501168851
183,133.681501168851
184,133.681501168851
185,133.681501168851
186,133.681501168851
187,133.681501168851
188,133.681501168851
189,133.681501168851
190,133.681501168851
191,133.681501168851
192,133.681501168851
193,133.681501168851
194,133.681501168851
195,133.681501168851
196,133.681501168851
197,133.681501168851
198,133.681501168851
199,133.681501168851
200,133.681501168851
201,133.681501168851
202,133.681501168851
203,133.681501168851
204,133.681501168851
205,133.681501168851
206,133.681501168851
207,133.681501168851
208,133.681501168851
209,133.681501168851
210,133.681501168851
211,133.681501168851
212,133.681501168851
213,133.681501168851
214,133.681501168851
215,133.681501168851
216,133.681501168851
217,133.681501168851
218,133.681501168851
219,133.681501168851
220,133.681501168851
221,133.681501168851
222,133.681501168851
223,133.681501168851
224,133.681501168851
225,133.681501168851
226,133.681501168851
227,133.681501168851
228,133.681501168851
229,133.681501168851
230,133.681501168851
231,133.681501168851
232,133.681501168851
233,133.681501168851
234,133.681501168851
235,133.681501168851
236,133.681501168851
237,133.681501168851
238,133.681501168851
239,133.681501168851
240,133.681501168851
241,133.681501168851
242,133.681501168851
243,133.681501168851
244,133.681501168851
245,133.681501168851
246,133.681501168851
247,133.681501168851
248,133.681501168851
249,133.681501168851
250,133.681501168851
251,133.681501168851
252,133.681501168851
253,133.681501168851
254,133.681501168851
255,133.681501168851
256,133.681501168851
257,133.681501168851
258,133.681501168851
259,133.681501168851
260,133.681501168851
261,133.681501168851
262,133.681501168851
263,133.681501168851
264,133.681501168851
265,133.681501168851
266,133.681501168851
267,133.681501168851
268,133.681501168851
269,133.681501168851
270,133.681501168851
271,133.681501168851
272,133.681501168851
273,133.681501168851
274,133.681501168851
275,133.681501168851
276,133.681501168851
277,133.681501168851
278,133.681501168851
279,133.681501168851
280,133.681501168851
281,133.681501168851
282,133.681501168851
283,133.681501168851
284,133.681501168851
285,133.681501168851
286,133.681501168851
287,133.681501168851
288,133.681501168851
289,133.681501168851
290,133.681501168851
291,133.681501168851
292,133.681501168851
293,133.681501168851
294,133.681501168851
295,133.681501168851
296,133.681501168851
297,133.681501168851
298,133.681501168851
299,133.681501168851
300,133.681501168851
301,133.681501168851
302,133.681501168851
303,133.681501168851
304,133.681501168851
305,133.681501168851
306,133.681501168851
307,133.681501168851
308,133.681501168851
309,133.681501168851
310,133.681501168851
311,133.681501168851
312,133.681501168851
313,133.681501168851
314,133.681501168851
315,133.681501168851
316,133.681501168851
317,133.681501168851
318,133.681501168851
319,133.681501168851
320,133.681501168851
321,133.681501168851
322,133.681501168851
323,133.681501168851
324,133.681501168851
325,133.681501168851
326,133.681501168851
327,133.681501168851
328,133.681501168851
329,133.681501168851
330,133.681501168851
331,133.681501168851
332,133.681501168851
333,133.681501168851
334,133.681501168851
335,133.681501168851
336,133.681501168851
337,133.681501168851
338,133.681501168851
339,133.681501168851
340,133.681501168851
341,133.681501168851
342,133.681501168851
343,133.681501168851
344,133.681501168851
345,133.681501168851
346,133.681501168851
347,133.681501168851
348,133.681501168851
349,133.681501168851
350,133.681501168851
351,133.681501168851
352,133.681501168851
353,133.681501168851
354,133.681501168851
355,133.681501168851
356,133.681501168851
357,133.681501168851
358,133.681501168851
359,133.681501168851
360,133.681501168851
361,133.681501168851
362,133.681501168851
363,133.681501168851
364,133.681501168851
365,133.681501168851
366,133.681501168851
367,133.681501168851
368,133.681501168851
369,133.681501168851
370,133.681501168851
371,133.681501168851
372,133.681501168851
373,133.681501168851
374,133.681501168851
375,133.681501168851
376,133.681501168851
377,133.681501168851
378,133.681501168851
379,133.681501168851
380,133.681501168851
381,133.681501168851
382,133.681501168851
383,133.681501168851
384,133.681501168851
385,133.681501168851
386,133.681501168851
387,133.681501168851
388,133.681501168851
389,133.681501168851
390,133.681501168851
391,133.681501168851
392,133.681501168851
393,133.681501168851
394,133.681501168851
395,133.681501168851
396,133.681501168851
397,133.681501168851
398,133.681501168851
399,133.681501168851
400,133.681501168851
401,133.681501168851
402,133.681501168851
403,133.681501168851
404,133.681501168851
405,133.681501168851
406,133.681501168851
407,133.681501168851
408,133.681501168851
409,133.681501168851
410,133.681501168851
411,133.681501168851
412,133.681501168851
413,133.681501168851
414,133.681501168851
415,133.681501168851
416,133.681501168851
417,133.681501168851
418,133.681501168851
419,133.681501168851
420,133.681501168851
421,133.681501168851
422,133.681501168851
423,133.681501168851
424,133.681501168851
425,133.681501168851
426,133.681501168851
427,133.681501168851
428,133.681501168851
429,133.681501168851
430,133.681501168851
431,133.681501168851
432,133.681501168851
433,133.681501168851
434,133.681501168851
435,133.681501168851
436,133.681501168851
437,133.681501168851
438,133.681501168851
439,133.681501168851
440,133.681501168851
441,133.681501168851
442,133.681501168851
443,133.681501168851
444,133.681501168851
445,133.681501168851
446,133.681501168851
447,133.681501168851
448,133.681501168851
449,133.681501168851
450,133.681501168851
451,133.681501168851
452,133.681501168851
453,133.681501168851
454,133.681501168851
455,133.681501168851
456,133.681501168851
457,133.681501168851
458,133.681501168851
459,133.681501168851
460,133.681501168851
461,133.681501168851
462,133.681501168851
463,133.681501168851
464,133.681501168851
465,133.681501168851
466,133.681501168851
467,133.681501168851
468,133.681501168851
469,133.681501168851
470,133.681501168851
471,133.681501168851
472,133.681501168851
473,133.681501168851
474,133.681501168851
475,133.681501168851
476,133.681501168851
477,133.681501168851
478,133.681501168851
479,133.681501168851
480,133.681501168851
481,133.681501168851
482,133.681501168851
483,133.681501168851
484,133.681501168851
485,133.681501168851
486,133.681501168851
487,133.681501168851
488,133.681501168851
489,133.681501168851
490,133.681501168851
491,133.681501168851
492,133.681501168851
493,133.681501168851
494,133.681501168851
495,133.681501168851
496,133.681501168851
497,133.681501168851
498,133.681501168851
499,133.681501168851
500,133.681501168851
501,133.681501168851
502,133.681501168851
503,133.681501168851
504,133.681501168851
505,133.681501168851
506,133.681501168851
507,133.681501168851
508,133.681501168851
509,133.681501168851
510,133.681501168851
511,133.681501168851
512,133.681501168851
513,133.681501168851
514,133.681501168851
515,133.681501168851
516,133.681501168851
517,133.681501168851
518,133.681501168851
519,133.681501168851
520,133.681501168851
521,133.681501168851
522,133.681501168851
523,133.681501168851
524,133.681501168851
525,133.681501168851
526,133.681501168851
527,133.681501168851
528,133.681501168851
529,133.681501168851
530,133.681501168851
531,133.681501168851
532,133.681501168851
533,133.681501168851
534,133.681501168851
535,133.681501168851
536,133.681501168851
537,133.681501168851
538,133.681501168851
539,133.681501168851
540,133.681501168851
541,133.681501168851
542,133.681501168851
543,133.681501168851
544,133.681501168851
545,133.681501168851
546,133.681501168851
547,133.681501168851
548,133.681501168851
549,133.681501168851
550,133.681501168851
551,133.681501168851
552,133.681501168851
553,133.681501168851
554,133.681501168851
555,133.681501168851
556,133.681501168851
557,133.681501168851
558,133.681501168851
559,133.681501168851
560,133.681501168851
561,133.681501168851
562,133.681501168851
563,133.681501168851
564,133.681501168851
565,133.681501168851
566,133.681501168851
567,133.681501168851
568,133.681501168851
569,133.681501168851
570,133.681501168851
571,133.681501168851
572,133.681501168851
573,133.681501168851
574,133.681501168851
575,133.681501168851
576,133.681501168851
577,133.681501168851
578,133.681501168851
579,133.681501168851
580,133.681501168851
581,133.681501168851
582,133.681501168851
583,133.681501168851
584,133.681501168851
585,133.681501168851
586,133.681501168851
587,133.681501168851
588,133.681501168851
589,133.681501168851
590,133.681501168851
591,133.681501168851
592,133.681501168851
593,133.681501168851
594,133.681501168851
595,133.681501168851
596,133.681501168851
597,133.681501168851
598,133.681501168851
599,133.681501168851
600,133.681501168851
601,133.681501168851
602,133.681501168851
603,133.681501168851
604,133.681501168851
605,133.681501168851
606,133.681501168851
607,133.681501168851
608,133.681501168851
609,133.681501168851
610,133.681501168851
611,133.681501168851
612,133.681501168851
613,133.681501168851
614,133.681501168851
615,133.681501168851
616,133.681501168851
617,133.681501168851
618,133.681501168851
619,133.681501168851
620,133.681501168851
621,133.681501168851
622,133.681501168851
623,133.681501168851
624,133.681501168851
625,133.681501168851
626,133.681501168851
627,133.681501168851
628,133.681501168851
629,133.681501168851
630,133.681501168851
631,133.681501168851
632,133.681501168851
633,133.681501168851
634,133.681501168851
635,133.681501168851
636,133.681501168851
637,133.681501168851
638,133.681501168851
639,133.681501168851
640,133.681501168851
641,133.681501168851
642,133.681501168851
643,133.681501168851
644,133.681501168851
645,133.681501168851
646,133.681501168851
647,133.681501168851
648,133.681501168851
649,133.681501168851
650,133.681501168851
651,133.681501168851
652,133.681501168851
653,133.681501168851
654,133.681501168851
655,133.681501168851
656,133.681501168851
657,133.681501168851
658,133.681501168851
659,133.681501168851
660,133.681501168851
661,133.681501168851
662,133.681501168851
663,133.681501168851
664,133.681501168851
665,133.681501168851
666,133.681501168851
667,133.681501168851
668,133.681501168851
669,133.681501168851
670,133.681501168851
671,133.681501168851
672,133.681501168851
673,133.681501168851
674,133.681501168851
675,133.681501168851
676,133.681501168851
677,133.681501168851
678,133.681501168851
679,133.681501168851
680,133.681501168851
681,133.681501168851
682,133.681501168851
683,133.681501168851
684,133.681501168851
685,133.681501168851
686,133.681501168851
687,133.681501168851
688,133.681501168851
689,133.681501168851
690,133.681501168851
691,133.681501168851
692,133.681501168851
693,133.681501168851
694,133.681501168851
695,133.681501168851
696,133.681501168851
697,133.681501168851
698,133.681501168851
699,133.681501168851
700,133.681501168851
701,133.681501168851
702,133.681501168851
703,133.681501168851
704,133.681501168851
705,133.681501168851
706,133.681501168851
707,133.681501168851
708,133.681501168851
709,133.681501168851
710,133.681501168851
711,133.681501168851
712,133.681501168851
713,133.681501168851
714,133.681501168851
715,133.681501168851
716,133.681501168851
717,133.681501168851
718,133.681501168851
719,133.681501168851
720,133.681501168851
721,133.681501168851
722,133.681501168851
723,133.681501168851
724,133.681501168851
725,133.681501168851
726,133.681501168851
727,133.681501168851
728,133.681501168851
729,133.681501168851
730,133.681501168851
731,133.681501168851
732,133.681501168851
733,133.681501168851
734,133.681501168851
735,133.681501168851
736,133.681501168851
737,133.681501168851
738,133.681501168851
739,133.681501168851
740,133.681501168851
741,133.681501168851
742,133.681501168851
743,133.681501168851
744,133.681501168851
745,133.681501168851
746,133.681501168851
747,133.681501168851
748,133.681501168851
749,133.681501168851
750,133.681501168851
751,133.681501168851
752,133.681501168851
753,133.681501168851
754,133.681501168851
755,133.681501168851
756,133.681501168851
757,133.681501168851
758,133.681501168851
759,133.681501168851
760,133.681501168851
761,133.681501168851
762,133.681501168851
763,133.681501168851
764,133.681501168851
765,133.681501168851
766,133.681501168851
767,133.681501168851
768,133.681501168851
769,133.681501168851
770,133.681501168851
771,133.681501168851
772,133.681501168851
773,133.681501168851
774,133.681501168851
775,133.681501168851
776,133.681501168851
777,133.681501168851
778,133.681501168851
779,133.681501168851
780,133.681501168851
781,133.681501168851
782,133.681501168851
783,133.681501168851
784,133.681501168851
785,133.681501168851
786,133.681501168851
787,133.681501168851
788,133.681501168851
789,133.681501168851
790,133.681501168851
791,133.681501168851
792,133.681501168851
793,133.681501168851
794,133.681501168851
795,133.681501168851
796,133.681501168851
797,133.681501168851
798,133.681501168851
799,133.681501168851
800,133.681501168851
801,133.681501168851
802,133.681501168851
803,133.681501168851
804,133.681501168851
805,133.681501168851
806,133.681501168851
807,133.681501168851
808,133.681501168851
809,133.681501168851
810,133.681501168851
811,133.681501168851
812,133.681501168851
813,133.681501168851
814,133.681501168851
815,133.681501168851
816,133.681501168851
817,133.681501168851
818,133.681501168851
819,133.681501168851
820,133.681501168851
821,133.681501168851
822,133.681501168851
823,133.681501168851
824,133.681501168851
825,133.681501168851
826,133.681501168851
827,133.681501168851
828,133.681501168851
829,133.681501168851
830,133.681501168851
831,133.681501168851
832,133.681501168851
833,133.681501168851
834,133.681501168851
835,133.681501168851
836,133.681501168851
837,133.681501168851
838,133.681501168851
839,133.681501168851
840,133.681501168851
841,133.681501168851
842,133.681501168851
843,133.681501168851
844,133.681501168851
845,133.681501168851
846,133.681501168851
847,133.681501168851
848,133.681501168851
849,133.681501168851
850,133.681501168851
851,133.681501168851
852,133.681501168851
853,133.681501168851
854,133.681501168851
855,133.681501168851
856,133.681501168851
857,133.681501168851
858,133.681501168851
859,133.681501168851
860,133.681501168851
861,133.681501168851
862,133.681501168851
863,133.681501168851
864,133.681501168851
865,133.681501168851
866,133.681501168851
867,133.681501168851
868,133.681501168851
869,133.681501168851
870,133.681501168851
871,133.681501168851
872,133.681501168851
873,133.681501168851
874,133.681501168851
875,133.681501168851
876,133.681501168851
877,133.681501168851
878,133.681501168851
879,133.681501168851
880,133.681501168851
881,133.681501168851
882,133.681501168851
883,133.681501168851
884,133.681501168851
885,133.681501168851
886,133.681501168851
887,133.681501168851
888,133.681501168851
889,133.681501168851
890,133.681501168851
891,133.681501168851
892,133.681501168851
893,133.681501168851
894,133.681501168851
895,133.681501168851
896,133.681501168851
897,133.681501168851
898,133.681501168851
899,133.681501168851
900,133.681501168851
901,133.681501168851
902,133.681501168851
903,133.681501168851
904,133.681501168851
905,133.681501168851
906,133.681501168851
907,133.681501168851
908,133.681501168851
909,133.681501168851
910,133.681501168851
911,133.681501168851
912,133.681501168851
913,133.681501168851
914,133.681501168851
915,133.681501168851
916,133.681501168851
917,133.681501168851
918,133.681501168851
919,133.681501168851
920,133.681501168851
921,133.681501168851
922,133.681501168851
923,133.681501168851
924,133.681501168851
925,133.681501168851
926,133.681501168851
927,133.681501168851
928,133.681501168851
929,133.681501168851
930,133.681501168851
931,133.681501168851
932,133.681501168851
933,133.681501168851
934,133.681501168851
935,133.681501168851
936,133.681501168851
937,133.681501168851
938,133.681501168851
939,133.681501168851
940,133.681501168851
941,133.681501168851
942,133.681501168851
943,133.681501168851
944,133.681501168851
945,133.681501168851
946,133.681501168851
947,133.681501168851
948,133.681501168851
949,133.681501168851
950,133.681501168851
951,133.681501168851
952,133.681501168851
953,133.681501168851
954,133.681501168851
955,133.681501168851
956,133.681501168851
957,133.681501168851
958,133.681501168851
959,133.681501168851
960,133.681501168851
961,133.681501168851
962,133.681501168851
963,133.681501168851
964,133.681501168851
965,133.681501168851
966,133.681501168851
967,133.681501168851
968,133.681501168851
969,133.681501168851
970,133.681501168851
971,133.681501168851
972,133.681501168851
973,133.681501168851
974,133.681501168851
975,133.681501168851
976,133.681501168851
977,133.681501168851
978,133.681501168851
979,133.681501168851
980,133.681501168851
981,133.681501168851
982,133.681501168851
983,133.681501168851
984,133.681501168851
985,133.681501168851
986,133.681501168851
987,133.681501168851
988,133.681501168851
989,133.681501168851
990,133.681501168851
991,133.681501168851
992,133.681501168851
993,133.681501168851
994,133.681501168851
995,133.681501168851
996,133.681501168851
997,133.681501168851
998,133.681501168851
999,133.681501168851
